862.376 498.217 240.524
691.339 522.818 77.4625
579.657 525.161 348.69
904.55 543.514 0
1164.23 537.267 0
1367.81 523.744 0
869.795 531.409 0
886.977 521.256 203.199
692.51 525.942 72.8241
581.391 524.268 352.389
1165.4 541.562 0
947.504 534.924 0
1366.51 515.789 0
911.188 546.248 0
854.566 525.552 175.764
682.357 525.161 360.971
554.115 538.046 333.33
1366.9 520.085 0
1161.5 514.618 0
1002.17 506.027 0
947.895 531.409 0
806.926 531.8 175.426
682.357 525.161 360
542.169 548.2 272.012
1163.61 536.595 0
1367.29 511.494 0
1020.53 502.903 0
947.895 531.409 0
806.535 531.8 174.401
682.357 525.161 360.971
542.169 548.2 270.849
1163.78 536.718 0
1367.29 511.884 0
1019.07 503.143 0
947.895 531.409 0
806.535 532.19 172.476
682.357 525.161 360.971
542.169 548.2 271.005
1163.45 536.837 0
1366.9 511.884 0
1019.36 502.512 0
947.895 531.409 0
806.535 531.8 175.601
682.357 525.161 362.309
542.169 548.2 272.17
1163.84 536.486 0
1366.9 511.884 0
1019.75 502.512 0
947.895 531.409 0

649.165 357.638 190.491
690.948 417.384 387.529
618.183 442.304 355.528
1144 469.87 0
522.645 447.843 0
1316.91 409.574 0
790.915 385.364 0
583.172 334.209 209.095
667.519 396.688 393.307
621.831 442.767 356.878
579.657 465.025 0
1141.19 461.12 0
1319.26 426.366 0
752.647 356.467 0
556.618 316.246 265.601
736.681 420.208 365.535
644.479 439.643 305.074
1142.36 466.587 0
577.705 443.157 0
1315.74 407.231 0
712.816 325.227 0
561.304 312.731 108.435
630.023 423.267 360.982
633.155 469.32 272.717
1146.27 442.376 0
548.417 424.804 0
1319.65 422.461 0
666.738 287.74 0
708.13 393.174 384.775
602.696 423.7 361.157
629.25 466.587 256.218
1144.31 447.062 0
557.399 433.004 0
1318.48 417.775 0
619.097 244.004 0
851.442 406.45 347.907
620.269 423.632 362.045
631.593 468.149 271.042
1148.61 442.767 0
1329.08 405.554 0
561.417 405.688 0
566.771 222.917 0
868.234 400.593 282.131
641.746 429.49 378.291
612.849 505.246 316.548
1162.67 484.159 0
1329.02 398.25 0
689.386 387.316 0
671.424 340.066 0
853.785 436.128 284.14
667.302 473.876 54.7892
579.267 524.771 347.152
1161.5 506.417 0
1363.88 499.454 0
848.318 497.826 0
830.746 469.711 0

1218.51 425.585 254.055
1170.48 329.523 273.122
615.973 618.099 135
1366.9 713.771 0
1179.46 616.147 0
1212.06 330.285 0
1279.04 721.19 0
1145.49 349.438 202.38
1177.68 290.719 230.48
634.717 597.793 93.2397
1378.22 556.791 0
1055.67 483.769 0
1217.73 336.942 0
1293.09 625.909 0
1127.91 342.8 164.932
1182.97 293.207 162.216
606.601 481.035 87.8789
1387.2 464.634 0
929.541 362.324 0
1282.94 331.475 0
1311.06 507.979 0
1006.86 304.141 198.435
1112.68 361.934 136.364
613.63 374.82 109.799
1365.14 438.476 0
901.816 343.971 0
1180.24 324.837 0
1324.33 375.992 0
783.496 299.064 175.764
1096.28 385.754 109.722
596.448 422.07 107.103
1317.12 433.428 0
802.885 424.669 0
1154.47 372.477 0
1330.58 226.822 0
662.052 357.638 154.855
1084.09 367.09 391.441
604.637 443.716 365.272
647.603 527.895 0
1314.96 406.45 0
1124.79 394.345 0
1137.68 265.091 0
710.473 365.839 180
863.547 374.43 326.31
615.583 442.767 354.987
1141.97 479.473 0
533.158 456.824 0
1317.69 429.49 0
889.32 363.496 0

1326.29 729.781 150.751
1170.87 602.089 338.025
599.521 639.229 146.189
1128.69 854.74 0
1296.61 766.097 0
1361.04 659.328 0
1354.01 828.186 0
1339.17 771.564 54.7882
1241.13 504.457 287.77
645.26 580.612 124.287
1173.21 848.492 0
1252.48 804.756 0
1363.4 672.469 0
1368.07 727.438 0
1348.54 743.058 308.513
1228.71 492.574 229.301
623.393 560.696 388.856
1160.18 829.827 0
1238.42 819.986 0
1364.55 670.426 0
1351.67 714.942 0
1356.06 822.328 272.955
1165.79 633.328 321.633
635.888 654.415 104.914
1229.83 837.558 0
1103.31 776.641 0
1358.31 689.169 0
1368.07 724.314 0
1355.18 839.51 172.147
1020.14 724.705 319.185
581.607 725.335 160.582
1093.16 807.099 0
1226.32 768.44 0
1362.08 698.932 0
1374.32 832.872 0
1272.18 864.776 253.917
1008.86 785.342 248.235
576.533 727.438 162.181
1363.38 702.807 0
1180.79 673.049 0
1058.34 637.655 0
1352.45 900.037 0
1255.64 869.735 254.674
1020.9 713.891 283.998
575.752 695.417 107.176
1361.16 695.448 0
1208.82 675.609 0
1204.45 402.155 0
1257.95 903.161 0
1239.2 664.178 270
1133.77 484.55 303.178
594.105 648.167 130.601
1296.61 730.172 0
1359.87 696.979 0
1245.06 319.37 0
1261.07 811.004 0

1058.8 663.787 339.567
888.539 493.141 271.848
582 573.973 261.327
1159.15 789.917 0
1352.06 629.424 0
1083.53 608.145 0
1184.54 562.649 0
1029.51 672.378 396.027
940.866 696.589 258.69
590.591 609.508 257.905
1122.67 766.772 0
1065.82 704.399 0
1363.29 644.056 0
1141.58 628.252 0
1008.03 661.835 392.005
1009.59 856.692 244.29
590.981 609.508 208.124
1196.25 852.787 0
1181.02 754.773 0
1362.99 643.872 0
1094.72 698.541 0
1184.14 721.19 390.256
1018.26 887.28 97.9452
558.18 638.014 136.469
1204.84 889.884 0
1216.95 799.289 0
1362.99 643.872 0
1040.05 774.298 0
1237.25 732.905 285.945
960.391 889.103 252.189
544.903 716.114 120.256
1229.83 791.479 0
1176.73 773.907 0
1362.99 643.481 0
1004.13 848.492 0
1294.26 703.618 368.153
958.828 643.872 300.964
540.154 703.561 162.424
1260.68 794.213 0
1205.23 755.944 0
1357.92 647.777 0
1104.87 878.169 0
1334.09 716.895 366.022
1085.24 624.811 396.337
566.38 649.729 117.474
1220.07 807.88 0
1271.62 741.496 0
1356.74 654.025 0
1214.99 868.017 0
1344.64 724.314 368.144
1092.5 633.969 377.018
565.599 707.913 95.1944
1300.9 774.298 0
1232.57 761.411 0
1375.88 654.806 0
1309.49 821.157 0

889.711 528.285 355.914
699.94 537.235 199.673
557.677 533.302 359.58
1379.78 520.475 0
1167.45 522.428 0
997.878 500.56 0
943.209 537.657 0
812.002 532.581 367.894
667.53 531.942 185.139
537.093 536.486 277.001
1380.17 520.475 0
1168.29 520.386 0
1009.2 495.093 0
943.209 537.657 0
812.002 532.581 366.207
667.53 531.942 185.13
537.093 536.486 277.001
1380.17 520.085 0
1167.87 520.866 0
1009.59 494.702 0
942.428 537.657 0
812.002 532.581 366.074
667.53 531.942 185.13
537.093 536.486 278.973
1379.78 520.475 0
1167.89 520.676 0
1009.59 493.921 0
942.428 537.657 0
811.221 532.971 367.635
667.48 531.981 184.303
537.093 536.486 277.493
1380.45 520.085 0
1168.06 520.294 0
1009.59 494.702 0
942.428 537.657 0
811.612 532.581 365.343
667.921 531.631 185.939
537.093 536.486 277.623
1380.56 520.085 0
1168.33 520.391 0
1009.2 495.093 0
942.428 537.657 0
812.002 532.581 365.194
667.921 531.631 185.09
537.093 536.486 277.853
1380.56 519.694 0
1167.74 520.085 0
1009.2 494.312 0
942.428 537.657 0
811.612 532.581 363.122
667.9 531.934 185.374
537.093 536.486 278.13
1380.35 520.302 0
1167.35 519.694 0
1009.98 493.531 0
942.428 537.657 0

1157.14 511.285 50.6645
925.246 632.547 338.051
586.686 526.723 90
1204.43 541.054 0
1370.31 448.492 0
1176.73 399.812 0
1208.75 482.207 0
1131.04 505.636 356.466
861.205 708.694 282.848
587.839 531.61 366.211
1174.77 540.781 0
1375.49 507.589 0
1187.82 422.794 0
1156.42 488.455 0
1039.27 512.275 362.698
860.814 709.475 284.744
587.839 531.61 366.211
1167.66 530.022 0
1375.49 507.198 0
1085.07 508.31 0
1064.26 525.161 0
1030.68 510.713 360
860.424 711.037 283.612
587.839 531.61 366.211
1168.15 530.514 0
1375.49 513.056 0
1074.42 507.198 0
1050.2 519.694 0
1022.87 510.322 360.924
839.727 654.025 247.306
587.488 531.565 366.106
1165.65 509.382 0
1068.95 502.122 0
1369.63 497.045 0
1050.2 518.132 0
1008.81 516.57 340.746
827.622 738.372 292.694
587.488 531.565 365.31
1165.55 526.294 0
1375.49 511.103 0
1047.32 495.771 0
1022.87 522.037 0
987.335 524.38 340.674
772.953 819.986 300.441
587.488 531.565 365.31
1166.42 522.204 0
1375.88 506.027 0
1025.21 504.709 0
1015.84 524.38 0
966.638 533.362 336.876
788.182 620.833 261.607
587.488 531.565 365.31
1166.57 535.476 0
1004.91 511.884 0
1373.93 509.932 0
995.535 532.19 0

967.419 477.521 315
1279.25 562.691 57.9024
583.562 572.802 84.6107
1308.71 607.946 0
1190 512.275 0
1266.15 398.25 0
1341.51 512.665 0
878.777 506.417 357.879
1168.13 591.936 357.889
587.076 586.469 77.8285
1301.68 584.126 0
1193.52 522.037 0
1190.39 480.254 0
1199.37 582.955 0
1068.95 475.178 372.166
1054.11 633.719 318.889
595.667 609.508 72.2553
1320.82 624.738 0
1191.56 540.391 0
1182.97 417.384 0
1148.61 611.07 0
1165.79 519.304 52.7274
1053.18 638.784 250.235
585.905 548.2 90
1380.95 562.258 0
1197.03 557.963 0
1171.65 407.231 0
1091.6 635.281 0
1153.69 509.151 48.3636
1077.93 676.283 222.207
585.514 520.866 97.8153
1201.41 537.075 0
1360.28 523.351 0
1235.69 467.368 0
1261.07 544.686 0
1153.69 508.37 48.2705
1075.71 675.696 216.729
585.514 520.866 97.8153
1200.92 537.422 0
1339.95 508.76 0
1202.11 399.031 0
1268.88 522.818 0
1154.47 507.198 49.7184
1082.23 680.578 113.199
585.514 520.866 97.8153
1201.33 537.267 0
1369.63 469.711 0
1175.16 390.05 0
1233.74 514.227 0

1186.49 275.244 170.362
1162.67 461.901 357.496
592.153 445.891 243.886
1381.74 430.271 0
1082.24 234.417 0
1025.99 218.231 0
1336.05 297.893 0
1130.65 302.969 107.721
910.016 450.967 353.454
587.857 400.593 270
1350.11 443.157 0
1051.77 351 0
1042.39 204.564 0
1354.01 263.529 0
1141.58 346.314 102.171
829.184 584.517 266.186
565.599 300.626 254.197
1330.58 427.147 0
1006.47 383.802 0
1124.79 299.064 0
1287.63 229.946 0
1096.67 395.517 103.782
786.62 660.663 299.624
587.467 434.566 275.013
1041.19 615.168 0
1351.28 370.915 0
1125.96 333.428 0
1203.28 197.145 0
1001.39 490.017 164.932
762.8 649.729 217.875
583.172 518.132 252.824
1009.2 551.715 0
1169.8 452.397 0
1365.33 445.5 0
1099.41 334.599 0
952.19 522.428 169.875
690.167 550.934 236.041
564.818 518.132 184.844
1015.45 549.762 0
1190.01 527.226 0
1368.07 520.866 0
981.477 516.57 0
822.936 544.295 174.067
680.811 544.619 179.207
548.808 534.533 108.298
1022.48 550.543 0
1192.9 531.409 0
1368.07 516.961 0
950.238 534.533 0
806.926 546.248 173.66
680.804 544.27 179.101
547.246 546.638 97.2532
1021.7 550.153 0
1193.18 531.453 0
1368.46 516.18 0
950.238 534.533 0

1140.8 663.006 280.125
1145.93 868.629 74.8093
554.692 723.369 395.668
1139.24 725.095 0
1386.03 642.31 0
1128.3 513.056 0
1126.74 900.818 0
1152.91 627.471 293.749
1134.23 792.208 79.516
558.18 721.19 253.838
1119.68 668.331 0
1386.42 641.919 0
1097.06 604.822 0
1134.55 868.017 0
1230.22 578.269 332.969
1119.97 657.553 92.9762
549.979 723.533 95.1944
1140.99 593.838 0
1391.5 589.593 0
1095.5 424.413 0
1165.01 889.884 0
1310.67 555.229 364.811
1119.71 646.605 368.673
560.132 710.647 277.853
1244.98 549.176 0
1395.01 509.151 0
1069.34 223.308 0
1203.28 793.822 0
1366.51 514.227 366.996
1098.64 664.194 321.698
608.554 523.99 282.485
1425.47 486.502 0
1217 363.01 0
1027.17 219.012 0
1247.8 627.471 0
1325.89 407.231 94.4317
1119.71 629.033 282.426
603.477 467.368 248.199
1377.05 455.262 0
1150.17 208.079 0
1219.3 203.062 0
1297.78 451.748 0
1352.45 301.798 151.718
1193.52 473.616 322.125
592.153 445.891 243.886
1363.77 442.767 0
974.839 198.707 0
1255.63 194.438 0
1357.13 362.715 0

1166.18 543.905 277.001
1341.37 882.203 78.6037
598.212 641.534 134.259
1338.78 828.186 0
1349.71 771.955 0
1385.39 612.654 0
1364.94 670.426 0
1143.53 600.917 315
1348.26 865.694 95.75
598.401 640.748 132.138
1336.44 823.109 0
1336.31 750.453 0
1385.7 639.967 0
1363.38 716.504 0
1141.58 603.651 313.493
1340.73 809.833 140.711
591.762 650.901 130.486
1343.08 761.021 0
1325.33 702.082 0
1386.03 640.748 0
1373.54 766.488 0
1126.74 614.585 312.064
1332.29 795.793 295.41
540.267 721.456 164.641
1353.62 754.773 0
1320.24 699.37 0
1386.03 640.357 0
1371.97 791.479 0
1187.27 590.374 371.455
1330.56 883.343 269.734
560.913 727.048 215.074
1354.01 752.43 0
1301.68 705.961 0
1386.42 639.967 0
1344.64 795.384 0
1027.17 753.992 308.785
1329.18 881.7 121.413
559.742 726.267 389.876
1347.37 773.907 0
1351.67 691.512 0
1387.59 634.109 0
1367.29 889.884 0
899.083 757.897 401.987
1186.1 895.742 186.116
559.742 726.267 389.876
1251.7 741.105 0
1385.64 641.919 0
1188.44 627.862 0
1260.29 899.256 0
1062.31 757.116 349.439
1151.33 888.948 267.851
560.523 727.048 393.111
1165.4 848.101 0
1385.64 642.7 0
1011.94 535.705 0
1190.78 900.037 0

746.399 480.645 232.355
907.283 674.331 345.256
603.087 604.041 217.875
1274.35 643.872 0
946.723 636.843 0
1114.11 561.811 0
933.837 592.326 0
773.343 507.198 184.399
890.492 674.331 349.439
613.702 610.824 158.666
943.209 663.787 0
1266.54 656.758 0
1194.69 647.386 0
977.572 637.624 0
881.12 529.457 194.534
903.377 677.961 397.445
614.021 609.899 161.565
1166.51 758.504 0
1277.86 656.758 0
1236.47 647.386 0
1025.99 661.835 0
918.607 539.219 123.111
1107.22 802.413 392.841
615.128 609.633 121.751
1369.63 810.223 0
1298.95 677.064 0
1261.46 659.101 0
1075.98 675.893 0
918.607 539.609 118.855
1286.84 842.244 353.454
615.192 608.727 113.199
1345.42 773.126 0
1332.09 700.004 0
1308.21 668.097 0
1130.65 687.607 0
933.056 495.874 100.886
1328.08 847.701 96.815
615.192 608.727 112.38
1370.8 810.223 0
1354.4 737.981 0
1337.61 666.13 0
1187.66 697.76 0
1095.5 582.174 349.077
1327.62 860.228 284.021
615.192 608.727 112.38
1371.58 810.223 0
1334.38 729.947 0
1380.56 597.403 0
1248.58 697.76 0
1167.35 529.066 282.529
1330.65 844.058 115.825
614.802 610.289 109.093
1352.45 809.442 0
1341.91 743.058 0
1389.55 607.165 0
1311.06 699.322 0

752.256 366.62 254.305
677.287 473.932 231.439
626.517 434.566 262.747
799.897 623.957 0
1113.46 457.996 0
1310.27 436.128 0
801.849 402.545 0
631.203 282.273 176.76
785.839 595.841 225
615.583 492.359 302.955
790.134 679.407 0
1116.98 491.969 0
1312.62 433.004 0
747.18 375.992 0
590.981 297.502 167.471
822.04 625.77 167.837
614.021 494.702 307.504
773.734 657.539 0
1114.25 485.721 0
1321.99 468.93 0
768.267 414.26 0
678.062 288.13 175.601
830.746 622.785 173.884
575.752 529.457 333.435
782.71 627.155 0
1117.37 491.188 0
1308.32 407.622 0
790.915 450.186 0
622.612 332.647 196.504
861.135 622.289 197.085
575.258 529.317 335.186
807.707 622.395 0
1117.76 517.742 0
1311.84 482.988 0
819.031 486.893 0
683.529 403.326 263.66
904.159 661.835 262.405
567.053 534.536 331.464
872.919 620.442 0
1299.17 561.222 0
1116.7 544.686 0
854.957 519.694 0
685.091 394.736 236.004
908.751 666.203 292.101
558.57 555.229 248.962
920.664 623.684 0
1116.59 548.981 0
1289.58 535.705 0
895.568 554.058 0

1300.9 869.188 390.008
1158.76 575.145 327.68
613.24 652.463 262.271
1105.26 880.122 0
1273.18 755.944 0
1362.21 659.492 0
970.543 896.913 0
1334.49 899.256 267.955
1183.62 554.726 259.437
604.933 637.366 169.126
1089.64 784.841 0
1366.62 764.194 0
1365.87 667.171 0
1086.13 836.777 0
1353.23 857.083 300.464
1076.37 578.659 172.648
534.359 746.572 93.1221
1367.29 784.06 0
1366.9 670.816 0
925.374 559.267 0
1290.75 816.471 0
1336.05 881.684 51.9395
887.368 623.566 209.624
536.703 798.118 164.578
1358.31 796.946 0
1364.83 649.339 0
893.772 545.795 0
1353.23 832.872 0
1330.58 888.322 187.866
838.061 499.83 245.578
549.979 711.037 296.114
1266.15 715.723 0
1364.16 658.711 0
887.368 547.029 0
1358.7 897.694 0
1199.37 809.052 199.654
766.443 476.918 197.722
662.052 570.849 313.568
1364.94 732.514 0
1062.01 582.921 0
813.174 502.122 0
1213.43 812.566 0
1047.86 616.537 264.094
704.638 463.009 204.143
654.242 454.091 226.432
1341.51 578.659 0
1092.38 559.915 0
800.287 499.388 0
1070.51 655.587 0
884.634 455.653 195.945
660.931 441.914 226.58
617.145 418.556 237.68
1106.83 473.225 0
697.196 467.758 0
1309.88 433.152 0
942.428 534.533 0

693.682 633.328 271.042
569.424 871.214 165.002
576.143 622.785 213.408
1360.14 648.271 0
675.328 576.707 0
1149.03 569.722 0
582.391 666.521 0
640.184 720.409 312.686
548.223 875.49 348.619
577.705 623.566 192.005
1364.41 667.266 0
1153.76 576.757 0
691.659 526.985 0
564.428 672.769 0
545.684 772.736 367.253
573.946 882.057 162.811
577.705 623.566 190.883
785.058 750.868 0
1364.55 666.13 0
1148.2 565.773 0
545.684 720.409 0
684.31 857.083 402.19
556.871 882.843 345.573
575.752 628.643 111.801
758.114 800.851 0
1364.16 667.302 0
1110.73 657.149 0
536.312 773.517 0
746.399 889.494 365.013
632.6 887.243 350.866
574.971 744.229 101.31
701.683 873.672 0
1131.82 725.876 0
1364.41 667.266 0
540.217 835.215 0
857.69 893.399 363.146
653.461 888.322 279.162
582.391 747.353 352.147
819.422 887.932 0
1363.77 667.692 0
1076.37 667.302 0
575.362 893.008 0
937.742 877.388 346.218
776.267 720.156 350.128
605.393 741.514 335.66
898.302 882.465 0
1104.81 739.503 0
1364.41 667.266 0
683.919 890.665 0
1110.73 852.397 350.096
1017.33 658.736 343.157
596.058 755.944 327.2
1001 866.455 0
1109.95 764.926 0
1365.34 669.098 0
818.25 891.446 0

731.95 752.43 286.607
674.391 621.248 171.979
724.531 635.672 262.747
740.202 684.636 0
1344.64 671.368 0
1152.12 572.802 0
668.3 689.95 0
737.808 676.283 266.987
602.949 662.14 143.257
646.822 627.862 169.875
1344.77 671.337 0
690.948 609.899 0
1152.51 574.754 0
693.291 693.855 0
703.444 677.845 319.569
597.482 668.388 144.325
636.888 632.752 173.918
1345.04 671.441 0
672.986 614.585 0
1152.51 574.364 0
673.767 696.979 0
735.855 615.366 292.62
544.512 722.362 126.87
637.841 631.376 182.655
1347.23 664.975 0
675.719 614.975 0
1152.12 572.802 0
655.023 700.103 0
717.893 595.841 245.376
533.578 753.601 85.156
596.058 623.957 181.583
1347.67 662.365 0
635.888 598.184 0
1151.34 573.583 0
636.279 693.855 0
699.149 613.023 267.31
534.75 834.043 78.8827
569.198 636.215 158.078
1352.49 690.89 0
603.477 611.07 0
1151.28 573.657 0
618.316 686.045 0
687.434 671.597 305.251
556.598 884.708 365.038
581.219 624.347 194.036
1360.26 644.653 0
634.326 593.107 0
1152.08 574.661 0
599.572 678.236 0

535.922 765.707 92.0454
681.576 707.913 302.32
614.802 709.475 331.718
598.401 675.502 0
1344.49 671.156 0
1152.91 576.316 0
586.295 780.545 0
537.874 831.31 155.726
677.809 713.165 302.358
564.037 685.264 394.833
1344.64 671.337 0
573.019 646.605 0
1152.51 575.535 0
587.857 731.343 0
656.194 794.603 135.515
677.281 711.428 276.546
592.952 662.926 376.358
1344.25 671.988 0
590.2 625.519 0
1152.51 574.754 0
580.828 724.314 0
676.109 765.707 77.0054
666.347 693.465 244.747
595.421 646.287 389.258
1345.03 670.426 0
594.105 600.527 0
1152.45 574.486 0
569.895 718.847 0
661.271 723.924 78.2749
654.242 648.948 271.404
592.934 635.672 403.146
1345.03 670.426 0
1152.12 573.973 0
583.953 531.409 0
561.304 707.913 0
591.762 762.192 146.836
671.424 627.862 295.253
604.649 645.434 393.111
1344.64 670.959 0
558.57 643.872 0
1151.34 573.583 0
551.151 695.417 0
551.541 784.841 55.7131
676.5 611.07 248.552
707.349 651.291 354.806
1344.25 671.493 0
557.789 601.308 0
1151.34 573.583 0
537.093 693.074 0
661.661 836.777 346.43
680.795 614.975 230.572
729.324 632.86 325.329
676.109 689.169 0
1344.49 671.156 0
1151.73 573.192 0
592.543 688.388 0

703.835 674.721 299.476
905.721 784.45 197.85
628.469 663.006 116.565
582 722.362 0
1187.27 698.151 0
1345.03 670.035 0
1033.8 839.901 0
588.248 772.736 368.427
758.641 818.666 147.203
611.678 646.215 394.287
614.021 714.161 0
1181.41 670.035 0
1345.03 670.426 0
940.085 854.74 0
550.76 766.488 375.068
700.455 865.238 144.47
644.089 737.591 93.9452
572.82 704.59 0
1344.39 671.054 0
1174.04 637.986 0
835.432 872.702 0
574.19 765.316 397.304
681.186 884.808 378.435
605.636 799.608 135.646
585.905 709.085 0
1344.63 670.673 0
1168.92 632.938 0
719.845 889.884 0
560.913 751.649 340.906
567.94 851.323 360.227
609.335 752.82 76.2184
583.562 712.209 0
1344.25 670.816 0
1169.31 633.719 0
633.155 893.008 0
561.694 750.477 341.565
569.114 866.455 265.208
609.335 752.82 76.7014
584.149 710.656 0
1345.03 670.426 0
1165.79 625.909 0
567.552 895.351 0
562.475 748.915 353.253
617.781 800.069 333.388
606.992 744.62 93.2397
1344.48 671.207 0
627.688 638.795 0
1171.65 635.82 0
574.581 884.417 0
538.655 752.039 342.824
643.698 772.368 320.869
593.733 744.93 375.727
601.525 707.913 0
1344.63 670.673 0
1159.2 604.69 0
579.267 850.054 0

558.57 844.196 227.86
866.672 891.446 368.393
621.831 796.946 103.299
1335.66 686.826 0
635.498 658.711 0
1077.93 610.68 0
530.845 857.864 0
728.045 844.587 142.401
951.8 892.227 354.289
608.554 750.477 85.7636
1120.46 744.496 0
1335.27 670.816 0
646.896 664.446 0
630.031 894.57 0
891.663 716.114 141.009
1038.49 893.008 352.648
601.134 693.074 97.2532
1116.59 860.207 0
1337.22 682.141 0
660.099 685.264 0
796.382 893.008 0
933.446 655.977 101.725
1056.69 882.289 80.5179
610.897 683.312 172.279
1277.08 801.632 0
618.707 732.124 0
1338.78 695.808 0
969.762 888.322 0
958.438 753.211 81.0697
1226.49 877.024 153.676
615.583 682.141 146.592
1263.42 774.688 0
644.089 737.591 0
1329.02 648.558 0
1156.42 875.826 0
970.543 759.849 84.8027
1292.31 753.601 127.057
619.878 683.702 129.144
1199 782.17 0
635.498 748.134 0
1351.28 668.473 0
1288.41 874.264 0
894.397 603.26 398.82
1145.09 849.273 168.311
619.714 684.723 129.962
530.455 745.01 0
1186.1 713.771 0
1344.64 671.166 0
1182.19 854.74 0

737.808 887.541 342.897
537.114 770.287 373.994
623.783 814.909 268.113
665.176 730.172 0
1336.83 680.578 0
1167.12 645.339 0
601.915 893.008 0
745.618 875.436 268.995
536.814 770.215 373.25
593.324 737.981 233.746
685.607 693.226 0
1336.05 663.397 0
1171.41 654.248 0
704.225 885.198 0
858.862 878.169 384.444
536.312 770.393 371.689
606.601 739.543 206.649
662.052 683.702 0
1332.14 680.188 0
1172.43 657.539 0
784.667 884.417 0
857.69 885.979 248.199
536.312 770.393 373.57
606.601 739.543 205.153
1335.27 666.911 0
710.473 652.853 0
1169.7 648.558 0
822.155 886.76 0
826.45 888.322 277.595
536.312 770.393 372.848
607.421 739.835 206.856
660.49 696.589 0
1338.78 691.122 0
1167.8 645.8 0
784.667 892.227 0
622.221 843.806 158.962
536.72 769.922 372.937
612.068 728.609 190.561
1334.88 661.444 0
1166.57 657.149 0
616.754 613.023 0
704.225 888.322 0
570.285 881.684 231.009
537.576 771.735 369.618
621.05 704.008 95.0131
1140.41 693.074 0
1334.49 689.169 0
646.432 620.052 0
610.506 894.57 0
568.333 820.376 331.991
717.893 848.101 384.444
619.878 701.275 87.8616
1125.31 685.696 0
1334.88 658.32 0
635.107 627.081 0
561.304 882.855 0

533.578 810.223 366.536
544.512 674.721 88.9584
563.647 739.934 302.317
603.868 712.599 0
1347.76 671.207 0
1175.55 584.126 0
533.969 721.971 0
538.655 811.785 383.199
544.113 687.367 214.45
562.866 744.62 300.964
600.744 716.895 0
1346.2 677.064 0
1175.55 583.736 0
533.188 724.314 0
539.045 834.824 63.6065
546.855 699.713 52.1402
535.141 772.345 289.722
576.143 746.963 0
1345.81 687.217 0
1176.76 585.74 0
537.874 729.781 0
627.688 885.198 358.958
544.903 703.618 239.036
575.362 858.254 209.096
563.256 782.888 0
1341.51 664.178 0
1175.94 582.174 0
538.655 747.744 0
649.556 880.903 352.999
571.457 752.039 69.1022
598.01 864.112 197.819
570.285 812.176 0
1342.3 690.731 0
1176.73 618.88 0
541.779 772.736 0
654.632 879.731 360
568.723 788.746 238.327
606.601 864.502 185.765
561.419 853.936 0
1339.17 670.035 0
1167.75 642.365 0
534.75 804.756 0
656.975 879.731 365.194
541.771 771.197 378.433
611.287 866.455 190.923
569.16 859.877 0
1338 679.017 0
1168.13 643.481 0
537.093 875.045 0

544.512 798.118 98.427
540.217 699.322 49.2892
559.742 745.01 226.469
607.382 700.103 0
1352.06 675.502 0
1176.69 585.32 0
530.064 755.554 0
544.512 798.118 99.2933
540.217 699.322 50.7106
559.742 745.01 226.469
607.382 699.713 0
1351.67 674.331 0
1175.62 584.721 0
530.064 755.554 0
544.512 798.118 101.283
540.217 699.322 51.953
559.742 745.01 226.432
607.382 699.713 0
1350.11 679.017 0
1175.94 585.688 0
530.064 755.554 0
544.512 798.118 99.2933
539.826 698.932 49.6355
559.367 745.069 224.794
607.773 700.103 0
1351.67 676.283 0
1176.73 585.688 0
530.064 755.554 0
544.512 798.118 99.2461
540.607 698.932 50.7106
559.367 745.069 226.16
608.163 700.103 0
1352.06 673.94 0
1176.63 585.331 0
530.845 755.554 0
544.512 798.118 99.2933
540.607 698.932 50.856
559.367 745.069 226.16
607.773 700.103 0
1352.45 683.312 0
1176.33 584.907 0
530.064 755.554 0
544.512 798.118 98.427
540.998 698.932 52.125
559.367 745.069 227.585
607.382 700.494 0
1348.93 663.787 0
1175.06 583.484 0
530.064 756.335 0
545.293 797.727 104.534
545.684 698.932 49.1331
562.475 746.182 227.862
1349.32 686.826 0
619.878 677.064 0
1176.46 585.016 0
532.407 756.335 0

544.512 798.118 99.2461
540.217 699.322 50.7106
559.351 745.01 226.432
606.992 699.713 0
1352.06 675.502 0
1175.73 584.927 0
530.845 755.554 0
544.512 798.118 101.283
540.217 699.322 50.5314
559.351 745.01 226.432
607.382 699.713 0
1352.84 674.721 0
1176.33 585.688 0
530.845 755.554 0
544.512 798.118 99.2933
540.217 699.322 50.2838
559.742 745.01 226.469
607.382 700.103 0
1352.06 675.502 0
1176.77 585.306 0
530.064 756.335 0
544.512 798.118 101.869
540.217 699.322 50.5314
559.742 745.01 226.469
607.382 700.103 0
1352.06 674.877 0
1175.94 585.688 0
530.845 755.554 0
544.512 798.118 99.6375
540.217 699.322 50.7106
559.742 745.01 226.469
607.382 699.713 0
1352.06 674.819 0
1175.93 584.952 0
530.845 755.554 0
544.512 798.118 98.427
540.217 699.322 51.7442
559.742 745.01 226.432
607.382 700.103 0
1352.45 674.457 0
1176.7 585.307 0
530.845 755.554 0
544.512 798.118 99.2933
540.217 699.322 50.5444
559.742 745.01 226.469
607.382 699.713 0
1351.67 675.893 0
1175.94 584.907 0
530.064 755.554 0
544.512 798.118 100.405
539.826 698.932 49.1732
559.351 745.01 226.397
607.382 700.103 0
1352.06 675.502 0
1176.33 585.297 0
530.064 756.335 0

680.405 758.287 174.806
723.132 495.126 144.731
549.589 648.558 133.603
826.224 768.316 0
1352.06 675.502 0
1181.41 602.87 0
733.903 761.802 0
616.364 762.973 181.29
765.076 467.992 156.716
536.312 662.225 275.711
847.652 768.969 0
1352.84 673.94 0
1176.72 585.745 0
734.684 762.583 0
616.364 762.973 182.121
765.076 467.992 156.716
536.703 662.616 277.505
846.756 769.221 0
1352.45 674.721 0
1176.73 584.517 0
733.903 762.583 0
616.364 762.973 181.081
765.076 467.992 157.446
536.703 662.616 276.078
847.537 768.831 0
1352.45 675.112 0
1176.33 584.517 0
733.903 762.583 0
616.364 762.973 183.181
765.076 467.992 157.446
536.703 662.616 276.766
847.537 768.831 0
1351.67 675.893 0
1176.33 586.469 0
733.903 761.802 0
616.364 762.973 181.081
765.616 467.51 156.313
536.703 662.616 275.906
847.537 768.831 0
1352.45 675.112 0
1175.94 584.517 0
733.903 761.802 0
615.973 763.364 181.095
765.616 467.51 155.59
536.703 663.006 274.852
846.756 769.221 0
1352.06 675.502 0
1176.33 586.469 0
733.903 761.802 0
616.364 762.973 183.122
765.076 467.992 157.446
536.703 663.006 275.013
847.537 768.831 0
1352.06 675.502 0
1176.33 586.078 0
733.903 762.583 0

695.244 525.161 45.8951
609.795 369.362 372.179
705.787 445.891 206.114
1180.85 512.611 0
1280.99 438.471 0
579.657 317.808 0
772.953 548.591 0
676.109 487.283 354.094
715.94 302.188 315
664.395 386.535 243.435
1183.44 510.089 0
1261.05 437.263 0
567.552 303.75 0
680.795 428.318 0
694.463 469.711 342.216
682.357 344.362 308.047
568.723 329.132 247.068
1173.23 481.061 0
1278.64 400.202 0
547.246 281.882 0
625.345 350.219 0
661.271 474.006 368.746
615.973 460.729 282.848
578.095 399.422 254.197
1267.71 444.329 0
1161.89 445.891 0
560.913 348.657 0
602.696 280.711 0
748.351 534.533 399.123
701.492 556.01 233.326
584.733 468.93 281.689
1163.45 449.795 0
586.793 405.878 0
1278.64 399.812 0
572.238 203.393 0
811.612 646.605 93.2397
723.737 592.27 170.684
576.533 597.403 270
1197.42 540 0
1311.06 493.921 0
614.411 408.793 0
665.176 470.492 0
794.039 700.494 126.027
650.337 629.033 159.102
580.828 618.49 196.658
1353.23 666.521 0
762.019 616.147 0
1177.9 598.574 0
747.18 582.174 0
749.523 740.715 160.41
628.448 636.38 122.485
574.581 618.099 184.086
812.393 754.382 0
1352.84 675.112 0
1178.68 596.231 0
785.448 722.752 0

1068.95 892.227 176.987
869.014 514.618 208.686
645.26 575.535 109.799
927.589 874.655 0
1328.24 782.888 0
1425.86 638.405 0
1368.85 778.202 0
996.707 866.455 237.361
713.963 472.026 182.942
650.337 520.475 46.5074
924.855 884.417 0
1184.54 736.029 0
1426.25 638.014 0
1282.16 813.347 0
983.43 853.959 273.945
669.471 481.426 137.862
638.622 515.008 403.531
911.578 877.779 0
1191.95 702.056 0
1425.47 638.405 0
1138.46 853.959 0
956.876 865.283 60.8207
674.547 477.911 109.058
654.258 518.059 376.296
1202.79 712.619 0
856.519 688.779 0
1425.86 638.795 0
977.572 892.227 0
938.132 705.18 119.476
675.719 475.959 117.474
660.49 518.132 391.329
1184.54 647.777 0
1426.64 637.624 0
800.055 468.688 0
944.771 896.913 0
944.771 701.665 100.758
679.624 470.101 80.3625
694.463 513.446 360.415
1426.64 638.795 0
1185.71 637.465 0
694.853 291.254 0
919.779 751.649 0
833.479 556.791 378.959
646.432 426.366 53.1301
725.312 461.51 303.408
1425.59 580.245 0
1193.13 564.992 0
560.132 265.872 0
856.519 645.434 0

997.878 426.756 395.789
1098.25 309.095 57.975
591.372 405.669 310.815
1377.83 721.581 0
1419.11 432.636 0
1326.3 404.729 0
1242.33 201.05 0
1054.5 487.283 52.2852
1288.41 323.665 344.055
583.953 414.273 315
1376.27 721.581 0
1285.28 591.545 0
1420 437.3 0
1266.54 257.281 0
1254.04 616.147 394.824
1315.74 358.81 317.936
562.031 437.744 318.888
1226.32 729.781 0
1377.83 720.8 0
1421.57 445.891 0
1287.63 321.322 0
1348.93 682.922 60.9454
1170.48 485.721 288.435
562.475 439.252 282.529
1371.97 741.105 0
1244.28 717.285 0
1424.69 444.329 0
1308.71 385.364 0
1357.52 657.149 136.507
1189.61 570.459 249.775
574.581 452.529 289.654
1241.99 838.623 0
1296.61 713.38 0
1369.63 558.353 0
1331.36 464.244 0
1313.4 692.293 157.536
1207.28 595.956 233.519
595.277 620.833 252.216
1252.22 865.529 0
1236.86 773.126 0
1414.54 618.49 0
1349.32 548.591 0
1342.69 704.789 86.4866
1236.47 595.841 153.004
624.174 675.112 206.024
1308.18 853.265 0
1208.75 816.862 0
1425.86 638.014 0
1364.16 642.31 0
1257.17 803.194 147.128
1106.44 587.25 194.744
600.299 690.722 145.724
1368.46 827.014 0
1028.34 811.004 0
1425.86 638.405 0
1344.64 735.248 0

1014.67 665.74 186.34
1173.99 646.605 144.246
610.506 702.837 81.8699
1365.33 725.486 0
975.049 626.208 0
1354.79 483.378 0
1167.35 818.814 0
1042 680.578 216.759
1300.12 624.347 199.654
606.211 548.591 95.0131
1361.43 663.397 0
1003.35 647.777 0
1300.9 392.002 0
1215.77 714.161 0
1047.08 685.655 221.929
1325.11 613.804 150.376
582.021 514.383 364.702
1023.26 629.814 0
1413.06 457.853 0
1245.84 269.777 0
1269.66 595.45 0
1052.94 649.729 280.484
1349.37 416.65 71.0681
560.523 516.961 318.028
1168.13 692.293 0
1414.15 436.909 0
1259.51 237.366 0
1311.84 480.645 0
1116.2 423.632 255.256
1239.86 287.854 50.8807
575.752 447.452 296.114
1373.54 721.971 0
1414.15 436.909 0
1279.04 240.49 0
1306.37 384.583 0
1002.95 369.744 163.61
1237.25 226.041 72.8973
613.63 362.715 292.38
1377.83 721.19 0
1416.88 436.128 0
1313.99 215.221 0
1302.46 283.054 0
984.211 381.849 113.749
1166.57 190.845 187.257
613.24 361.934 292.166
1378.22 721.19 0
1419.19 443.497 0
1339.17 192.068 0
1194.69 217.45 0
981.477 418.165 405
1063.09 217.45 149.501
614.411 361.543 291.194
1377.83 721.581 0
1418.44 430.661 0
1316.52 229.165 0
1217.34 201.831 0

1081.05 552.496 61.9908
1162.67 589.593 158.385
606.322 497.436 322.37
1011.94 798.118 0
1123.23 599.355 0
1304.58 395.611 0
1214.99 372.868 0
1054.11 466.977 79.8753
1164.84 635.628 85.1885
588.946 509.399 337.039
1039.66 763.754 0
1077.54 722.752 0
1311.06 472.054 0
1196.25 465.025 0
899.864 426.366 317.862
1182.88 773.357 81.1625
587.838 510.305 312.63
1044.74 764.145 0
1126.38 721.554 0
1357.34 629.585 0
1175.16 562.649 0
930.322 594.669 243.435
1151.73 828.967 140.64
576.143 633.719 268.995
1163.45 777.812 0
1115.41 678.47 0
1365.06 661.037 0
1150.17 682.141 0
960.781 705.18 285.642
1063.09 854.74 177.089
606.992 730.172 236.041
1203.67 831.31 0
1366.51 669.254 0
1239.2 579.831 0
1150.95 812.566 0
931.884 646.605 239.751
1075.98 882.465 359.16
617.755 732.002 168.293
1362.6 663.787 0
1108.98 644.243 0
1301.68 500.56 0
1119.71 865.674 0
941.647 638.405 207.031
1078.31 850.234 110.963
617.145 730.952 109.093
1353.5 624.849 0
1077.75 597.299 0
1302.07 494.702 0
1125.18 898.475 0

1188.05 536.876 305.961
1349.55 266.347 244.528
606.601 464.634 280.561
1329.8 395.517 0
1345.42 334.209 0
1310.67 307.264 0
1360.26 370.525 0
1210.31 380.287 287.103
1356.08 258.693 377.498
606.211 410.355 268.958
1329.41 394.736 0
1339.15 319.134 0
1197.03 240.099 0
1361.04 350.219 0
1096.28 429.49 350.218
1313.21 234.35 380.721
595.667 368.963 250.907
1338 434.176 0
1341.12 320.151 0
1143.53 205.736 0
1353.23 288.521 0
957.657 315.074 76.2184
1264.59 206.517 189.896
596.058 370.915 248.385
1298.95 447.843 0
1354.01 308.826 0
1147.05 221.746 0
1234.52 226.041 0
959.219 205.345 123.645
1098.24 250.643 157.068
596.058 370.915 247.62
1309.1 458.386 0
1091.33 402.545 0
1358.7 390.05 0
1234.52 216.669 0
933.837 264.31 104.859
1047.47 284.616 96.3402
596.058 370.915 249.567
1065.82 595.841 0
1308.32 433.395 0
1348.15 395.126 0
1236.08 200.269 0
947.504 288.521 73.4956
1152.74 356.08 398.613
595.667 370.134 249.567
1085.35 695.808 0
1228.05 476.781 0
1293.12 365.042 0
1235.3 209.641 0
1058.41 489.236 68.1986
1227.49 538.828 114.775
625.545 403.051 242.422
1081.83 636.843 0
1136.7 596.223 0
1307.93 447.843 0
1228.27 291.645 0

1296.22 389.269 58.6713
1031.85 671.207 213.69
594.886 524.38 114.624
1040.53 484.015 0
770.609 476.349 0
1398.92 457.605 0
1336.05 318.979 0
1225.93 531.8 169.875
1005.3 474.006 277.352
592.153 532.19 117.031
1367.51 528.27 0
812.783 461.901 0
870.186 390.05 0
1254.82 487.674 0
1136.89 534.143 165.964
936.18 338.895 220.914
608.163 466.196 93.2397
1369.35 546.844 0
830.962 457.535 0
880.318 385.139 0
1161.11 537.657 0
1081.05 553.277 164.358
887.366 311.01 214.756
610.143 461.683 364.477
1369.35 546.844 0
802.63 452.529 0
947.27 360.399 0
1153.3 540.781 0
1081.05 553.667 163.61
887.61 310.622 214.834
610.143 461.683 365.559
1367.29 538.828 0
810.107 454.074 0
910.016 381.459 0
1153.3 540.781 0
1081.05 553.667 163.61
887.61 310.622 214.834
610.143 461.683 365.469
1367.29 539.219 0
809.269 454.481 0
909.626 381.459 0
1153.3 540.781 0
1081.05 553.277 165.7
887.65 310.561 215.018
610.143 461.683 364.826
1367.29 538.438 0
809.269 453.7 0
909.791 381.701 0
1153.3 540.781 0
1081.05 553.277 164.358
887.61 310.622 214.834
610.143 461.683 364.033
1367.29 538.047 0
809.659 453.7 0
908.845 381.068 0
1153.3 540.781 0

700.711 369.353 186.116
674.547 251.424 162.796
593.715 390.831 287.784
1336.44 455.653 0
1125.18 403.717 0
1053.72 204.955 0
805.754 212.764 0
936.18 342.409 171.87
567.942 255.542 183.266
593.753 392.512 192.418
1333.7 435.738 0
1128.84 414.837 0
1089.64 216.279 0
694.072 201.831 0
1067.78 315.465 168.906
564.037 255.719 275.826
630.812 388.097 168.275
1331.75 449.405 0
1125.18 430.661 0
1119.71 249.862 0
565.209 208.079 0
1089.25 320.932 95.3893
682.486 371.587 207.558
628.469 398.25 173.884
1135.33 498.217 0
1335.27 429.49 0
1215.77 308.826 0
668.3 263.529 0
1100.19 245.176 149.13
927.223 387.657 183.315
605.039 401.374 186.116
1206.01 441.595 0
1345.03 434.566 0
1107.61 299.455 0
792.477 252.595 0
1223.58 226.822 177.879
1077.54 472.054 258.69
606.601 397.469 104.3
1354.4 486.112 0
1360.65 422.851 0
1194.3 328.742 0
934.618 236.194 0
1237.64 236.585 88.9191
1070.51 566.163 293.962
603.477 313.122 79.682
1398.14 545.857 0
1360.01 415.234 0
1160.32 362.324 0
1080.66 217.45 0
1232.57 340.066 87.7974
1044.74 651.291 289.631
615.192 421.68 98.427
1311.45 547.029 0
1399.7 445.891 0
955.023 424.293 0
1248.58 190.116 0

1181.02 421.289 330.644
1335.06 192.569 242.026
595.277 372.087 397.504
1370.8 442.376 0
1059.58 313.512 0
1337.71 282.081 0
1355.57 247.909 0
1065.04 332.256 101.31
1332.92 187.773 352.859
579.593 362.639 384.437
1342.15 443.268 0
1332.14 306.483 0
972.105 226.041 0
1355.57 224.479 0
1081.83 303.359 130.601
1192.38 186.432 356.015
579.62 363.201 383.207
1338.39 447.452 0
1346.2 378.725 0
975.62 211.983 0
1298.56 203.393 0
865.5 397.078 198.435
1070.2 189.519 356.18
579.267 362.715 383.081
1336.94 444.506 0
980.696 272.901 0
1177.93 267.647 0
1207.96 203.393 0
727.264 283.835 223.409
966.638 198.707 353.292
576.143 365.058 258.69
1335.27 428.318 0
915.483 255.719 0
1135.72 251.424 0
1108 200.269 0
676.891 258.062 164.358
955.314 193.63 192.848
569.114 400.202 288.978
1338 456.043 0
1130.31 344.362 0
906.112 279.149 0
1000.22 196.364 0
611.678 344.362 109.799
833.029 196.516 173.291
568.333 404.498 212.005
1334.09 434.957 0
1123.23 396.298 0
946.723 240.099 0
901.816 219.012 0

552.322 325.227 302.329
625.736 275.244 263.884
628.859 327.18 111.839
1361.2 428.318 0
1191.95 304.531 0
875.791 286.546 0
626.907 219.793 0
564.037 262.748 281.31
785.848 266.128 368.651
591.372 372.087 136.469
1361.04 430.661 0
1209.92 289.692 0
939.304 215.498 0
707.349 215.888 0
593.324 327.57 357.184
904.159 226.432 329.381
587.352 382.01 159.9
1361.43 433.785 0
1310.27 327.57 0
1034.98 242.442 0
797.944 209.641 0
790.915 397.469 393.111
869.585 245.856 342.528
608.554 394.736 219.144
1358.47 434.002 0
1314.57 359.591 0
1091.99 307.264 0
899.473 197.926 0
877.605 446.281 386.075
1070.27 236.561 356.383
622.221 403.717 149.381
1356.42 424.034 0
1290.36 303.854 0
1098.24 298.674 0
1023.65 228.384 0
967.81 433.395 355.914
1260.68 187.773 368.799
622.481 402.902 151.644
1349.32 438.081 0
1345.03 340.066 0
1163.06 297.893 0
1150.95 270.558 0
1117.76 456.434 378.41
1357.13 208.859 362.911
623.783 402.545 87.7974
1364.94 438.471 0
1166.57 347.876 0
1345.03 340.457 0
1249.36 267.434 0
1163.45 443.938 324.462
1354.21 219.368 190.274
601.525 375.992 404.233
1376.27 430.271 0
1178.34 350.014 0
1352.89 330.39 0
1345.42 287.74 0

544.491 289.92 183.507
640.574 208.859 316.432
621.831 333.818 322.306
1143.14 433.785 0
1359.48 425.585 0
680.795 278.368 0
723.75 198.707 0
554.665 295.55 46.5482
611.678 272.901 265.914
639.403 318.198 280.923
1145.88 437.69 0
1360.01 430.814 0
670.661 278.019 0
694.853 205.736 0
555.056 295.159 326.291
615.987 278.25 203.554
638.622 326.399 264.806
1147.05 439.252 0
1361.04 428.709 0
666.433 273.441 0
664.395 209.641 0
560.132 298.283 263.524
609.335 269.362 135
613.63 363.105 322.907
1147.83 439.252 0
1360.65 425.585 0
648.384 224.87 0
626.126 208.859 0
549.979 305.312 112.437
606.992 274.072 106.442
579.267 380.287 214.141
1146.54 438.407 0
1361.04 429.49 0
640.574 238.537 0
587.076 202.612 0
542.56 309.607 91.1233
593.324 288.521 329.55
583.172 378.725 394.563
1147.83 453.31 0
1360.26 429.88 0
707.349 236.975 0
556.618 236.975 0
585.905 306.093 357.955
638.622 259.624 347.905
583.029 382.669 204.016
1163.26 491.295 0
1361.04 426.366 0
717.893 215.107 0
550.37 268.215 0
590.981 311.95 361.042
628.078 263.529 316.469
631.593 343.19 113.199
1179.07 486.502 0
1360.26 432.795 0
759.676 259.624 0
553.494 218.231 0

802.63 372.477 184.236
956.876 207.298 227.663
587.467 367.401 167.588
1359.09 435.738 0
1118.93 257.281 0
1050.2 221.355 0
1076.76 190.897 0
789.712 372.405 182.321
954.924 196.754 110.433
587.467 367.401 167.588
1359.87 428.318 0
1121.67 300.236 0
942.428 256.5 0
1025.99 193.24 0
706.568 375.601 195.068
915.093 217.06 150.751
587.467 367.401 167.005
1360.26 429.49 0
1123.62 349.828 0
817.469 277.587 0
970.543 194.802 0
583.172 300.236 203.45
904.159 220.965 123.996
587.467 367.401 168.21
1360.26 429.49 0
1121.27 352.952 0
715.94 260.405 0
906.502 193.24 0
548.417 289.302 198.435
837.347 249.659 174.835
587.467 367.401 168.69
1359.87 432.614 0
1128.3 379.897 0
681.186 242.052 0
881.51 197.145 0
548.417 289.302 195.032
741.237 208.214 166.435
587.467 367.401 167.471
1360.26 424.023 0
1136.11 404.498 0
705.787 255.329 0
819.812 197.145 0
548.417 289.302 195.032
711.645 197.535 354.806
584.343 367.401 275.487
1359.48 435.347 0
1139.92 425.436 0
703.674 261.037 0
744.837 197.926 0

823.326 357.248 167.005
1041.22 219.403 125.186
587.467 367.401 168.21
1356.32 436.741 0
1282.55 404.498 0
1080.27 268.215 0
1057.23 191.678 0
823.326 357.248 167.005
1041.61 218.231 123.408
587.467 367.401 168.21
1359.09 434.566 0
1259.12 362.715 0
1080.27 268.996 0
1058.01 191.678 0
823.326 357.248 167.005
1042.39 219.403 118.856
587.467 367.401 167.471
1359.87 433.785 0
1268.84 371.784 0
1065.43 309.217 0
1057.23 190.897 0
820.984 357.638 161.565
1043.29 220.139 380.799
587.467 367.401 168.69
1359.09 434.176 0
1228 306.534 0
1081.83 271.729 0
1056.45 191.678 0
804.973 368.963 152.928
1004.91 225.26 334.747
587.467 367.401 167.471
1359.09 434.176 0
1234.52 312.341 0
1057.66 227.616 0
1055.67 191.678 0
918.607 372.868 208.428
994.754 233.461 333.435
587.467 367.401 167.005
1359.48 434.176 0
1198.59 219.012 0
1020.92 192.459 0
1059.58 204.955 0
930.322 383.802 198.435
993.11 232.506 335.087
587.467 367.401 167.005
1359.09 434.566 0
1188.83 222.136 0
1020.53 189.725 0
1133.77 196.364 0
901.816 375.601 188.427
971.324 244.395 280.125
587.467 367.401 167.471
1359.48 434.566 0
1134.16 258.062 0
1045.13 213.155 0
1145.49 197.145 0

823.326 357.248 167.005
1041.22 219.403 127.875
587.467 367.401 168.275
1299.49 404.082 0
1225.25 337.185 0
1079.94 267.52 0
1056.45 191.678 0
823.326 357.248 167.005
1041.22 219.403 126.469
587.467 367.401 168.275
1301.68 464.244 0
1252.09 376.382 0
1080.27 267.824 0
1057.23 191.678 0
823.326 357.248 167.005
1041.22 219.403 125.538
587.467 367.401 168.111
1342.3 433.395 0
1231.79 341.238 0
1080.27 268.215 0
1057.23 191.678 0
823.326 357.248 167.005
1041.22 219.403 126.674
587.467 367.401 167.005
1332.25 440.831 0
1260.68 377.163 0
1080.22 268.321 0
1057.23 191.678 0
823.326 357.248 167.005
1041.22 218.231 126.027
587.467 367.401 167.005
1351.67 441.986 0
1223.98 324.446 0
1079.49 267.043 0
1057.23 191.678 0
823.326 357.248 167.005
1041.22 219.403 124.963
587.467 367.401 167.471
1351.67 443.938 0
1285.28 400.983 0
1079.88 267.434 0
1058.01 191.678 0
823.326 357.248 167.005
1041.22 219.403 125.074
587.467 367.401 167.471
1362.21 452.529 0
1259.51 363.886 0
1079.88 268.215 0
1057.23 191.678 0

823.326 356.857 167.829
1040.83 217.841 126.027
587.467 367.401 167.005
1332.92 398.641 0
1226.15 354.17 0
1079.88 268.215 0
1057.23 190.897 0
823.326 356.857 166.504
1040.83 218.231 126.254
587.467 367.401 168.222
1328.24 442.767 0
1229.05 354.514 0
1079.49 267.434 0
1056.45 190.897 0
823.326 357.248 167.005
1040.83 217.841 125.789
587.467 367.401 167.471
1321.99 447.062 0
1231.79 358.419 0
1079.47 267.478 0
1056.45 191.678 0
823.326 356.857 167.829
1040.83 217.841 126.027
587.467 367.401 167.471
1318.7 382.88 0
1225.82 342.999 0
1079.1 266.653 0
1057.23 191.678 0
823.326 357.248 167.005
1041.22 219.403 126.674
587.467 367.401 167.471
1299.93 405.625 0
1248.4 370.509 0
1079.88 268.215 0
1057.23 191.678 0
823.326 357.248 167.005
1041.22 218.231 126.971
587.467 367.401 167.471
1301.29 418.165 0
1225.54 339.676 0
1079.49 267.434 0
1057.23 191.678 0
823.326 357.248 167.005
1041.22 219.403 125.074
587.467 367.401 168.69
1297 423.242 0
1237.94 357.701 0
1080.27 268.215 0
1057.23 191.678 0
823.326 357.248 167.005
1041.22 219.403 124.216
587.467 367.401 168.275
1296.68 429.49 0
1233 353.82 0
1079.88 268.215 0
1058.01 191.678 0

995.926 270.948 139.635
968.488 416.645 348.792
599.963 380.287 273.122
1342.69 430.661 0
1228.27 361.934 0
1044.74 236.585 0
1069.73 194.021 0
923.293 312.731 160.866
1039.27 384.192 334.747
597.62 408.012 284.744
1341.12 438.471 0
1216.56 347.095 0
1057.94 220.647 0
1055.67 191.678 0
923.293 312.731 160.866
1039.27 384.192 333.886
597.62 408.403 283.74
1340.34 422.07 0
1218.51 345.924 0
1084.96 226.041 0
1055.67 191.678 0
923.293 312.731 160.866
1039.27 384.192 333.435
597.62 408.403 283.782
1339.17 451.129 0
1233.35 361.543 0
1084.18 265.872 0
1055.67 191.678 0
923.293 312.731 160.866
1039.27 384.192 333.411
597.62 408.012 285.717
1339.17 452.138 0
1234.52 361.153 0
1078.71 266.653 0
1056.45 191.678 0
923.293 312.731 160.866
1039.27 384.192 332.766
597.62 408.403 283.782
1339.17 451.748 0
1234.52 361.153 0
1079.49 267.434 0
1056.45 191.678 0
923.293 312.731 160.866
1039.27 384.192 334.29
597.62 408.403 283.299
1339.17 452.919 0
1234.52 361.153 0
1079.49 267.043 0
1055.67 191.678 0

1274.74 206.357 217.485
1157.2 389.269 246.517
618.316 407.622 68.8059
1352.45 443.938 0
1353.79 332.517 0
1151.34 188.554 0
1251.7 308.045 0
1303.64 200.659 208.517
1160.42 390.887 196.976
599.963 379.897 51.1702
1298.56 445.109 0
1367.08 324.837 0
1182.58 211.202 0
1340.73 248.69 0
1304.42 218.622 293.199
1091.99 413.87 185.18
601.073 380.724 47.9952
1364.94 434.176 0
1321.41 320.875 0
1150.95 191.287 0
1325.89 186.992 0
1281.82 255.209 227.065
1022.87 382.334 226.011
599.572 381.068 315
1354.79 422.851 0
1337.53 312.141 0
1165.4 214.326 0
1311.84 212.764 0
1253.05 242.311 214.716
1204.45 395.907 141.953
599.572 381.068 313.956
1311.84 438.471 0
1318.08 287.349 0
1161.79 235.579 0
1306.37 239.318 0
1221.29 208.908 223.728
1242.72 318.589 126.469
599.572 381.068 313.531
1351.67 408.012 0
1340.73 306.483 0
1235.69 261.186 0
1329.8 232.289 0
1150.17 190.116 185.389
1058.8 386.926 195.945
599.572 381.068 313.493
1346.98 446.671 0
1346.59 303.75 0
1196.64 194.802 0
1355.57 226.822 0
1134.16 188.944 187.524
966.991 361.208 211.112
599.572 380.287 276.339
1319.59 414.093 0
1343.47 273.682 0
1171.26 191.287 0
1276.69 221.355 0

934.227 487.283 128.991
635.498 651.682 78.9693
580.828 464.634 95.286
1145.49 472.054 0
807.051 465.025 0
1379.39 447.062 0
831.527 364.277 0
928.37 506.417 114.624
718.674 747.744 398.211
590.981 524.38 74.9315
1156.03 531.019 0
956.486 458.777 0
1377.05 454.872 0
910.407 438.471 0
922.512 511.884 177.879
684.31 623.176 86.1859
584.733 524.771 368.427
1154.15 533.986 0
1371.19 510.322 0
987.335 513.837 0
951.8 505.636 0
818.25 531.019 172.185
666.738 540.781 46.4321
532.017 527.895 317.898
1370.8 549.372 0
1168.52 525.942 0
1090.43 527.114 0
947.114 528.285 0
800.678 534.143 175.601
667.897 540.124 363.201
530.845 527.114 274.086
1370.41 549.762 0
1168.92 525.942 0
1090.04 527.504 0
946.333 528.285 0
800.325 534.191 175.532
667.519 540.781 363.013
530.845 527.114 275.013
1370.8 550.153 0
1168.52 526.723 0
1090.19 527.344 0
947.114 528.285 0
800.325 534.191 175.532
668.278 540.148 364.018
530.845 527.114 276.116
1371.19 549.762 0
1168.72 526.754 0
1091.21 527.114 0
947.114 528.285 0
800.358 534.564 174.527
667.519 540.781 361.975
530.845 527.114 276.494
1370.41 549.762 0
1168.92 526.333 0
1090.43 526.723 0
947.114 528.285 0

811.612 245.957 185.194
700.711 299.845 113.362
649.556 302.188 388.443
1158.19 447.251 0
1376.66 443.157 0
564.126 282.877 0
911.969 258.062 0
645.995 245.082 184.462
633.812 362.637 141.039
632.374 306.483 102.171
1157.62 451.398 0
1377.05 443.157 0
584.157 245.333 0
774.514 239.318 0
612.352 241.064 192.166
595.277 403.326 81.3194
653.07 311.56 382.38
1159.15 461.51 0
1377.83 443.157 0
557.173 235.177 0
626.126 211.202 0
656.585 294.378 263.477
576.533 396.298 381.643
570.285 267.824 97.5238
1159.54 461.51 0
1377.05 443.938 0
629.589 244.012 0
548.027 223.698 0
632.764 396.298 285.803
572.593 395.907 93.9216
635.498 236.585 174.611
1157.59 458.777 0
1377.44 443.157 0
656.975 286.959 0
595.667 217.45 0
635.498 407.231 212.36
649.556 290.864 126.87
625.345 346.705 122.005
1157.2 452.529 0
1377.44 443.548 0
695.634 334.599 0
645.651 206.517 0
760.847 443.938 190.491
714.702 446.31 193.848
592.934 411.527 118.009
1157.2 460.339 0
1379 445.891 0
898.2 377.264 0
701.101 236.975 0
889.711 479.083 192.995
741.004 471.807 157.541
582.391 438.081 117.553
1161.08 465.046 0
1380.17 448.233 0
877.828 405.555 0
761.238 296.331 0

1021.7 617.318 266.112
1194.3 692.614 229.225
607.773 662.225 165.466
1208 745.123 0
933.837 668.083 0
1293.09 668.864 0
1241.55 820.376 0
1152.12 409.184 331.144
1160.71 679.798 177.184
609.725 660.663 152.526
1308.32 687.217 0
1206.01 662.616 0
814.736 406.841 0
1238.42 725.876 0
1286.06 296.721 293.749
1031.84 605.4 247.628
632.374 575.926 87.8789
1203.67 626.69 0
1318.48 602.089 0
648.891 239.613 0
1236.08 630.595 0
1322.38 244.395 370.408
980.94 490.027 250.827
620.269 427.928 105.511
1374.32 461.51 0
1159.93 410.746 0
586.889 227.603 0
1275.13 529.066 0
1352.45 260.014 197.784
853.785 289.692 213.959
654.632 334.209 119.876
1384.86 447.452 0
1212.26 330.304 0
673.767 237.366 0
1319.65 410.355 0
1307.93 225.651 194.744
708.13 326.789 136.332
654.242 322.494 394.27
1377.44 444.584 0
1152.53 298.081 0
678.453 274.072 0
1345.42 276.025 0
1037.32 260.405 185.013
657.648 355.112 157.381
644.87 305.312 72.9795
1377.44 446.281 0
1168.33 422.039 0
633.155 214.326 0
1066.61 276.806 0

1051.38 696.198 97.0699
1206.47 886.093 223.21
568.333 725.095 135
1113.07 880.122 0
1375.15 736.439 0
1289.97 734.467 0
1250.92 902.38 0
1050.99 699.322 90.1686
1204.84 891.837 116.147
568.333 724.705 135
1132.6 876.607 0
1371.19 765.316 0
1295.98 737.386 0
1250.14 901.599 0
1032.63 693.074 376.504
1204.84 894.18 107.301
568.044 725.421 136.036
1093.16 883.246 0
1343.08 781.717 0
1307.93 743.839 0
1248.58 900.037 0
990.674 682.299 378.013
1265.37 796.165 143.025
568.05 725.486 136.01
1184.93 844.587 0
1321.9 766.785 0
1291.92 712.99 0
1239.2 900.818 0
990.849 682.141 375.803
1279.43 798.118 191.689
568.333 725.095 133.568
1222.41 875.826 0
1325.11 809.833 0
1272.4 682.531 0
1222.02 900.037 0
1017.4 678.626 349.875
1248.14 749.277 242.438
568.723 724.314 136.564
1305.03 792.875 0
1115.81 789.917 0
1290.82 685.225 0
1202.5 884.417 0
1040.05 665.74 273.945
1234.93 723.24 249.693
569.504 723.533 133.493
957.657 853.959 0
1248.19 782.888 0
1333.31 696.198 0
1219.68 880.512 0
1038.1 650.51 261.87
1223.98 709.866 192.426
576.143 687.607 129.872
998.659 894.961 0
1268.5 724.412 0
1323.55 691.903 0
1234.52 895.351 0

991.63 714.552 150.124
1221.63 870.75 351.607
580.828 703.618 382.932
1099.41 871.531 0
1369.08 740.128 0
1370.8 648.558 0
1366.51 864.112 0
967.81 735.248 77.0054
1195.08 877.779 199.058
580.828 703.618 382.932
1097.84 873.874 0
1370.62 770.002 0
1370.8 648.167 0
1262.63 894.57 0
986.888 720.455 49.403
1209.53 878.169 140.315
580.828 703.618 384.274
1147.44 881.293 0
1367.68 713.38 0
1371.19 648.167 0
1229.05 903.942 0
1067.39 773.126 97.6153
1349.71 833.262 181.975
580.438 703.618 383.75
1123.62 895.351 0
1341.12 767.419 0
1371.19 647.777 0
1273.57 896.913 0
1171.65 650.12 165.554
1375.49 822.328 182.819
582.781 705.961 387.035
1154.86 878.56 0
1370.02 747.744 0
1370.8 648.558 0
1320.43 897.694 0
1087.3 689.169 168.275
1373.45 827.197 264.199
576.533 714.552 136.469
1133.38 875.436 0
1378.22 749.306 0
1372.36 648.948 0
1371.19 879.731 0
1050.59 706.351 97.9995
1268.49 858.645 165.964
568.05 725.486 136.01
1147.5 874.047 0
1378.22 748.915 0
1317.3 644.653 0
1359.48 892.227 0
1051.38 696.198 97.2532
1237.42 874.163 59.3819
568.044 725.421 136.036
1132.21 875.045 0
1355.18 737.2 0
1287.63 674.721 0
1268.1 901.599 0

961.953 614.585 162.979
1361.82 740.324 286.699
571.221 714.358 137.211
1122.84 879.731 0
1321.21 779.374 0
1316.13 680.188 0
1185.32 852.397 0
920.169 693.465 125.538
1368.07 732.905 282.031
571.066 717.285 254.745
1132.99 875.045 0
1314.22 765.174 0
1300.12 623.957 0
1185.32 853.178 0
926.417 716.504 142.125
1357.87 718.796 47.3313
582 714.161 273.945
1129.06 879.983 0
1291.92 745.401 0
1372.36 648.948 0
1185.32 852.397 0
1092.38 621.223 169.509
1362.99 778.983 348.69
560.132 616.928 199.807
1141.97 871.141 0
1268.9 694.134 0
1372.36 648.948 0
1215.77 838.339 0
1135.72 616.537 180
1359.36 836.628 262.03
562.085 626.3 123.408
1118.15 875.436 0
1363.8 725.631 0
1371.19 647.777 0
1310.27 784.45 0
1239.2 596.622 151.144
1364.55 793.822 144.654
545.557 691.25 199.168
1103.31 875.436 0
1359.55 735.29 0
1370.41 648.558 0
1376.66 765.707 0
1140.8 670.426 171.87
1373.93 856.692 357.184
584.343 709.085 225
1120.49 875.045 0
1347.03 745.721 0
1371.19 647.777 0
1364.94 781.326 0

717.893 395.907 91.0809
760.457 425.975 372.848
568.723 391.221 283.299
1339.17 411.527 0
1133.1 372.487 0
897.13 349.048 0
817.469 211.983 0
742.103 356.857 95.3337
913.677 431.883 388.473
582.781 532.19 257.152
1006.86 535.705 0
1149.78 489.626 0
1335.27 476.349 0
897.13 372.087 0
756.552 358.029 57.875
972.105 619.661 93.4682
599.963 572.411 248.962
1161.89 562.649 0
1329.8 552.105 0
1059.58 473.225 0
974.448 548.591 0
836.603 551.324 85.3335
969.248 786.81 95.6998
599.963 572.802 248.385
1083.01 684.093 0
1318.48 679.798 0
1177.9 598.574 0
1018.18 612.632 0
876.824 696.198 58.6713
977.182 824.281 383.199
614.021 599.746 250.942
1149.39 859.035 0
1311.06 662.616 0
1175.94 615.366 0
1057.23 687.607 0
910.798 719.628 358.958
1140.41 811.395 369.782
584.733 701.275 326.889
1145.48 875.062 0
1159.15 721.971 0
1322.77 711.818 0
1090.82 764.145 0
1002.56 670.426 309.625
1198.98 859.035 372.848
566.257 710.656 341.808
1112.68 894.18 0
1197.03 784.841 0
1311.84 677.845 0
1139.24 853.178 0
983.43 634.5 233.783
1300.51 805.147 349.077
566.38 711.428 341.565
1140.02 878.56 0
1236.86 779.764 0
1305.98 695.808 0
1185.32 852.397 0

763.581 251.033 360
599.207 319.708 180.974
561.694 277.196 270
1343.47 438.081 0
1102.14 400.593 0
717.109 296.684 0
771.391 223.698 0
676.891 259.624 358.932
582 329.523 60.2918
578.095 259.233 151.887
1343.08 443.548 0
1101.36 399.422 0
630.422 308.436 0
711.254 230.727 0
628.859 267.824 352.476
600.353 358.029 101.037
583.562 295.94 248.385
1347.37 436.128 0
1097.45 416.603 0
646.041 326.008 0
639.403 218.231 0
638.231 263.919 340.201
601.134 364.667 107.159
594.886 293.597 233.746
1347.76 448.624 0
1099.41 424.023 0
640.965 326.789 0
562.085 205.736 0
662.833 251.033 333.975
603.087 379.116 59.7436
616.754 268.605 238.671
1348.15 433.785 0
1104.15 429.764 0
639.012 342.019 0
555.056 290.083 0
714.378 229.165 365.389
619.632 363.557 384.812
578.876 283.444 310.815
1346.98 441.205 0
1107.61 403.717 0
727.264 298.283 0
683.919 311.95 0
664.785 257.671 394.287
733.122 415.041 391.685
595.667 283.444 327.68
1347.76 456.434 0
1128.51 381.444 0
849.489 214.471 0
749.523 267.434 0

1255.21 212.764 132.064
1087.98 592.362 287.011
619.097 386.926 277.853
1387.2 438.471 0
564.024 302.707 0
1356.74 261.967 0
1300.12 415.822 0
1254.43 205.345 310.559
1113.39 354.082 236.153
620.513 375.562 208.183
1327.07 468.539 0
639.403 327.18 0
1353.62 233.461 0
1349.32 290.083 0
1176.33 190.506 160.907
879.4 355.573 166.395
620.513 375.562 209.526
1307.49 454.792 0
703.889 308.828 0
1239.59 198.316 0
1222.02 186.211 0
1056.45 188.944 176.878
703.831 338.306 219.036
620.513 375.562 207.28
1346.98 433.785 0
706.178 269.386 0
1121.67 266.262 0
1159.54 191.678 0
953.752 193.63 168.275
650.036 277.708 199.721
620.513 375.562 208.183
1348.15 445.109 0
1112.08 298.018 0
696.806 261.576 0
1082.23 190.897 0
853.395 197.145 167.534
639.403 271.339 122.125
620.513 375.562 207.28
1348.54 447.452 0
1105.26 314.684 0
711.149 261.444 0
995.535 192.459 0
823.326 203.393 56.0035
626.126 322.103 113.749
625.011 370.588 207.62
1344.19 435.766 0
1110.75 376.434 0
755.771 240.099 0
887.758 195.583 0
769.828 236.194 318.013
648.775 278.758 121.329
617.145 334.599 218.83
1344.25 444.719 0
1098.63 365.839 0
737.264 281.471 0
797.163 206.517 0

781.934 334.209 178.958
561.304 282.273 281.155
664.004 363.496 293.962
1196.25 488.064 0
1395.79 451.748 0
781.934 299.064 0
650.337 304.922 0
732.731 324.056 188.427
657.345 293.752 209.836
611.287 418.556 334.855
1199.37 501.341 0
1395.79 451.748 0
816.688 220.184 0
715.159 302.578 0
839.198 364.737 200.824
773.302 352.566 213.194
610.506 416.994 267.955
1395.79 451.748 0
1177.9 396.688 0
881.708 323.793 0
789.353 276.806 0
1022.48 365.839 187.253
823.1 377.227 163.435
575.362 332.647 242.969
1395.79 451.748 0
1153.95 388.044 0
894.787 332.647 0
869.014 245.566 0
1110.73 382.24 176.76
829.574 493.921 75.2392
600.744 415.822 267.879
1395.79 451.748 0
1170.48 376.792 0
720.626 318.979 0
958.828 212.764 0
1109.17 404.888 111.801
997.878 587.641 356.186
584.733 504.855 300.619
1395.79 451.748 0
1182.97 386.145 0
569.504 261.967 0
1069.73 304.141 0
1083.4 452.919 148.671
1093.16 547.81 324.689
582.522 507.772 298.158
1395.79 451.748 0
1207.71 315.372 0
547.636 277.587 0
1170.48 415.041 0
1190.39 300.236 115.641
1093.55 602.089 284.364
588.638 495.093 296.114
1395.79 450.967 0
1307.93 231.508 0
574.971 222.917 0
1233.74 416.603 0

671.814 293.597 216.469
686.262 450.967 261.327
633.545 272.51 217.694
1369.63 563.43 0
1204.84 511.884 0
613.24 231.899 0
597.229 539.219 0
672.205 292.426 214.261
661.885 449.909 170.463
633.838 269.923 218.946
1220.07 527.895 0
1377.03 483.316 0
631.983 215.107 0
580.828 517.351 0
679.624 297.502 212.894
620.988 464.901 107.232
641.266 274.982 218.858
1199.37 498.217 0
1392.5 450.696 0
667.519 209.25 0
573.8 482.207 0
683.138 300.236 213.163
644.089 384.192 133.75
644.834 277.072 218.653
1201.41 501.339 0
1395.79 451.748 0
693.682 243.614 0
573.8 441.595 0
688.605 304.141 215.558
667.109 354.866 156.151
653.762 276.544 220.27
1202.11 500.169 0
1396.18 451.357 0
702.703 255.285 0
570.676 397.078 0
682.748 318.198 230.857
573.019 290.864 237.995
656.975 282.273 233.973
1195.47 486.893 0
1395.79 451.748 0
755.38 210.421 0
572.238 342.409 0
706.568 340.457 209.294
557.828 264.848 242.151
674.938 303.359 228.013
1206.83 503.661 0
1395.79 451.748 0
813.564 251.033 0
587.076 300.236 0

690.558 509.151 307.504
644.922 678.183 134.828
698.368 455.653 370.923
1199.76 545.857 0
1365.73 540.391 0
632.764 441.205 0
801.068 550.934 0
678.062 529.066 330.524
681.576 606.775 81.0274
715.94 490.407 399.255
1202.5 553.277 0
1361.43 531.019 0
634.326 450.576 0
728.436 541.562 0
612.068 581.783 303.996
658.928 595.841 387.897
628.078 507.198 340.906
1199.76 545.857 0
1363.38 545.857 0
809.269 468.539 0
707.349 550.934 0
609.335 586.078 276.34
694.463 616.928 384.274
595.277 534.143 303.111
892.835 605.994 0
1364.94 563.82 0
1204.97 564.07 0
694.072 563.43 0
609.725 591.155 282.653
695.634 615.756 302.32
596.058 539.609 279.462
1366.51 563.039 0
1202.89 555.62 0
855.347 438.471 0
676.109 573.583 0
631.983 529.457 303.758
690.948 620.833 301.293
629.782 461.581 300.395
1367.68 572.021 0
1208.36 567.725 0
676.891 252.205 0
655.023 576.707 0
704.616 356.076 265.601
658.537 652.463 269.061
656.585 319.37 261.424
1365.73 565.773 0
1205.38 544.372 0
604.649 241.661 0
632.374 572.021 0
674.157 296.721 217.304
667.456 592.774 293.417
633.456 278.106 218.858
1208.09 559.792 0
1362.6 536.486 0
606.095 244.468 0
612.849 559.525 0

1364.94 813.738 222.674
1056.06 761.021 172.405
590.591 721.971 266.878
1195.86 670.426 0
1371.97 667.302 0
792.087 606.384 0
1351.67 878.95 0
1323.16 800.07 368.673
1084.96 731.733 158.703
590.2 719.628 284.744
1289.97 680.969 0
1348.93 659.101 0
592.934 599.355 0
1302.46 899.256 0
1082.62 776.25 66.0375
1010.37 551.715 376.074
603.868 649.729 280.536
1204.06 716.504 0
1349.71 669.645 0
577.744 584.695 0
1235.3 831.31 0
1072.07 595.06 100.503
795.601 548.2 365.325
591.762 641.138 230.711
1363.38 749.696 0
1204.43 668.438 0
619.488 579.05 0
1150.17 753.211 0
1079.1 553.667 49.6355
711.849 589.261 303.68
591.762 595.06 280.125
1362.99 614.585 0
632.396 591.116 0
1197.81 563.43 0
1050.99 669.645 0
930.713 527.114 377.176
706.743 588.516 172.243
605.039 504.074 265.764
1201.72 564.211 0
1366.51 550.934 0
610.841 550.29 0
938.523 575.926 0
746.789 507.979 361.042
664.518 643.013 128.08
617.926 466.587 315
1365.73 553.667 0
1198.42 541.046 0
621.05 520.475 0
867.453 556.401 0

1297.39 844.196 399.289
978.353 704.008 212.905
591.372 719.238 57.2005
1179.07 880.122 0
1367.53 770.031 0
1352.45 673.94 0
1238.42 897.694 0
1349.32 884.417 312.337
1088.47 762.192 197.819
592.153 719.628 248.385
1153.3 888.322 0
1367.68 755.944 0
1358.31 669.645 0
1205.62 899.256 0
1349.32 845.758 96.1155
1090.43 772.736 130.914
590.981 720.8 143.326
1183.46 874.977 0
1346.59 751.649 0
1372.75 667.302 0
1250.14 900.818 0
1364.94 822.719 301.137
1107.76 625.047 87.7517
590.2 720.019 267.955
1184.14 809.833 0
1377.83 759.849 0
1373.93 666.911 0
1302.46 883.636 0
1336.86 814.127 267.428
1141.33 684.797 67.9044
590.2 718.457 269.154
1171.65 812.176 0
1304.03 686.436 0
1373.41 667.237 0
1353.23 860.207 0
1346.59 829.357 363.013
1170.74 759.169 78.1463
590.591 722.362 266.878
1235.3 823.5 0
1373.93 667.302 0
1137.1 584.907 0
1361.82 863.331 0
1355.57 846.149 404.532
1143.66 627.064 87.0498
590.591 722.362 267.602
1282.16 848.101 0
1373.93 666.911 0
1199.37 624.347 0
1361.82 879.731 0
1363.38 821.938 295.375
1147.36 645.441 97.1055
590.591 722.362 267.602
1062.7 703.227 0
1375.88 666.521 0
1293.86 661.52 0
1364.94 866.455 0

1371 820.73 99.1524
1137.87 639.865 284.089
596.058 689.169 231.953
1169.31 904.333 0
1357.92 759.068 0
1371.19 664.178 0
1373.54 786.012 0
1367.43 842.704 74.7675
1138.46 640.357 283.815
596.448 689.56 233.028
1204.84 877.779 0
1358.31 761.802 0
1370.87 664.071 0
1371.97 793.041 0
1363.38 840.682 323.257
1138.85 640.748 285.422
598.401 691.903 230.572
1177.12 884.417 0
1358.31 761.802 0
1371.19 664.178 0
1371.19 792.26 0
1346.98 832.091 200.323
1136.55 638.354 246.779
607.793 699.795 224.699
1167.74 873.093 0
1357.13 768.05 0
1370.87 664.071 0
1371.97 801.632 0
1325.5 807.099 115.494
1169.7 668.864 222.44
606.601 698.932 153.886
1158.76 874.264 0
1334.49 758.678 0
1370.87 664.071 0
1370.41 814.909 0
1313.79 834.434 129.144
1174.77 676.674 151.314
600.803 705.164 137.65
1154.47 864.893 0
1327.85 785.231 0
1369.24 663.006 0
1371.97 828.186 0
1276.3 887.151 190.491
1154.86 687.607 152.592
590.2 715.723 64.359
1173.99 873.483 0
1367.16 765.296 0
1356.35 664.178 0
1366.51 880.512 0
1262.24 846.149 72.2161
1015.06 714.942 195.422
589.799 714.014 363.525
1168.92 879.341 0
1371.19 768.831 0
1354.01 679.017 0
1282.94 898.475 0

1324.72 764.926 184.19
1142.76 625.338 398.079
597.229 690.731 245.726
1196.64 875.436 0
1363.38 752.43 0
1314.18 613.413 0
1366.51 847.711 0
1324.72 765.316 184.086
1142.76 625.338 399.337
596.058 688.779 237.995
1169.75 886.235 0
1363.77 752.039 0
1354.32 687.626 0
1373.54 839.12 0
1324.33 764.926 185.013
1143.14 623.957 338.552
596.058 689.169 231.81
1195.86 873.093 0
1363.77 750.087 0
1355.18 695.417 0
1368.85 823.5 0
1324.33 764.926 184.086
1143.92 621.614 287.819
596.058 689.169 232.125
1168.52 889.884 0
1362.99 750.087 0
1336.83 688.388 0
1371.97 802.413 0
1324.72 764.926 181.005
1143.53 621.223 287.241
596.058 689.169 231.953
1198.21 872.169 0
1363.44 746.064 0
1350.32 680.864 0
1372.75 779.764 0
1313.79 768.44 117.031
1143.55 620.837 287.889
596.058 689.169 232.125
1167.35 900.428 0
1357.92 748.134 0
1353.29 665.386 0
1372.75 780.545 0
1340.34 799.289 60.9454
1143.92 621.614 287.819
596.058 689.169 232.125
1200.55 872.312 0
1357.13 756.725 0
1371.19 664.178 0
1375.1 782.888 0

1324.72 763.364 183.013
1147.83 629.814 399.685
596.058 688.388 247.068
1181.02 882.074 0
1363.77 756.725 0
1314.57 639.186 0
1358.7 850.835 0
1324.72 763.364 181.975
1147.83 629.814 402.274
596.058 688.388 247.068
1176.33 871.922 0
1363.38 756.725 0
1335.27 682.922 0
1359.48 850.835 0
1324.72 762.973 184.086
1147.83 629.814 400.914
596.058 688.388 247.068
1177.12 871.922 0
1363.38 757.116 0
1311.45 631.767 0
1358.7 850.835 0
1324.72 763.364 182.911
1147.83 629.814 402.274
596.058 688.388 247.306
1154.08 891.837 0
1363.77 757.116 0
1332.92 652.463 0
1357.92 850.835 0
1325.11 763.364 183.077
1147.83 629.814 401.009
596.058 688.388 246.038
1217.73 847.711 0
1363.77 752.43 0
1351.28 683.312 0
1359.48 850.054 0
1324.72 764.145 183.013
1147.83 629.814 401.009
596.058 688.388 245.225
1177.39 881.973 0
1363.77 752.43 0
1354.79 683.312 0
1357.13 848.492 0
1325.11 764.145 182.045
1147.83 629.814 400.914
596.058 688.388 246.251
1197.42 872.312 0
1363.38 752.43 0
1359.09 670.035 0
1355.57 845.368 0
1324.72 764.926 183.013
1142.75 626.3 399.56
596.058 688.779 247.068
1172.04 884.417 0
1363.77 752.43 0
1345.03 659.492 0
1358.7 851.616 0

1324.72 763.364 181.975
1147.83 629.814 400.914
596.058 688.388 246.038
1133.89 888.635 0
1364.55 756.335 0
1370.41 627.862 0
1358.7 851.616 0
1325.5 762.973 182.045
1148.52 629.667 400.686
596.058 688.388 246.541
1167.35 834.043 0
1363.77 756.725 0
1370.41 628.252 0
1359.48 850.835 0
1325.11 762.973 182.657
1148.61 629.69 400.783
596.058 688.388 247.068
1173.6 874.264 0
1364.16 756.725 0
1370.41 627.862 0
1358.7 851.616 0
1324.72 762.973 184.086
1147.83 629.814 401.009
596.058 688.388 245.225
1191.17 852.006 0
1363.77 756.725 0
1370.41 628.252 0
1358.7 851.616 0
1325.11 762.973 182.045
1148.61 629.69 399.519
596.058 688.388 246.541
1172.82 864.112 0
1363.77 756.725 0
1370.8 627.862 0
1358.7 851.616 0
1324.33 763.364 183.013
1147.83 629.814 399.685
596.058 688.388 247.068
1172.04 880.512 0
1363.77 757.116 0
1370.41 628.643 0
1359.48 850.835 0
1325.5 762.973 181.042
1147.83 629.814 401.009
596.058 688.388 247.834
1187.27 869.969 0
1363.77 757.116 0
1370.41 627.862 0
1359.48 850.835 0

1029.9 765.707 177.879
1160.73 488.058 69.205
596.839 689.169 244.359
865.109 809.442 0
1287.24 763.754 0
1355.18 626.495 0
1154.86 757.897 0
1026.38 765.707 181.042
1161.53 488.215 63.8691
596.058 688.388 246.038
863.157 809.052 0
1291.14 762.583 0
1355.57 625.909 0
1155.64 757.897 0
1026.38 765.707 181.042
1161.53 488.215 62.6416
596.058 688.779 243.435
863.252 809.052 0
1291.14 762.583 0
1354.94 626.64 0
1154.86 757.897 0
1026.77 765.707 180
1161.53 488.215 63.4613
596.058 688.388 246.541
863.157 808.661 0
1290.75 762.973 0
1354.94 626.64 0
1154.86 757.897 0
1026.38 765.707 181.042
1161.53 488.215 63.3953
596.058 688.388 247.068
863.024 808.661 0
1290.75 763.364 0
1355.18 626.3 0
1154.86 757.897 0
1026.77 765.707 180
1161.53 488.215 62.6416
596.058 688.388 247.306
863.062 809.052 0
1290.75 762.973 0
1355.18 626.3 0
1154.86 757.897 0
1026.38 765.707 181.042
1161.53 488.215 65.0789
596.058 688.388 246.541
863.157 808.661 0
1291.14 762.973 0
1354.56 627.241 0
1154.86 757.897 0
1026.77 765.707 180
1161.53 488.215 63.8691
596.058 688.388 246.038
863.157 808.661 0
1291.14 762.973 0
1355.57 626.3 0
1154.86 757.897 0

1129.48 195.192 331.844
889.952 376.147 190.023
601.525 352.562 245.726
1423.8 429.49 0
1201.54 394.806 0
1126.74 260.405 0
968.2 215.888 0
1205.01 225.949 47.4991
1065.05 446.564 215.042
599.572 350.609 240.751
1305.59 526.723 0
1423.24 434.785 0
1189.61 293.988 0
1088.47 204.174 0
1291.08 392.621 404.42
1122.45 473.616 147.995
584.733 332.647 236.592
1366.12 499.779 0
1426.04 465.669 0
1179.46 437.3 0
1222.02 192.459 0
1352.45 412.698 123.111
1030.29 498.998 176.186
608.554 433.785 292.932
1157.98 708.444 0
1384.64 619.439 0
1229.44 531.019 0
1342.3 239.318 0
1303.64 491.188 136.397
1020.53 516.57 112.86
587.467 491.969 289.654
1225.15 891.446 0
1286.84 673.55 0
1190.43 549.806 0
1307.93 495.483 0
1280.6 690.341 91.0416
987.725 572.411 152.592
577.705 639.186 263.374
1236.86 891.056 0
1364.94 677.064 0
1207.46 589.61 0
1306.37 654.025 0
1149.78 750.477 172.999
1127.91 503.293 157.834
589.419 675.502 250.278
990.849 801.242 0
1354.4 687.469 0
1181.06 652.331 0
1178.29 744.62 0

778.419 240.88 270
693.291 284.616 109.855
587.467 411.527 74.3577
1422.74 429.88 0
1148.61 412.698 0
726.484 245.848 0
855.738 197.145 0
713.988 230.337 244.941
637.841 326.789 161.113
545.293 328.742 274.679
1423.52 428.709 0
1150.24 417.173 0
668.3 258.452 0
794.82 197.145 0
652.68 217.841 206.124
669.833 335.056 172.345
590.2 249.471 328.671
1423.52 428.709 0
1153.69 423.632 0
659.318 277.977 0
728.436 199.488 0
605.696 207.039 193.129
680.659 336.943 147.55
589.419 247.519 292.166
1152.51 434.957 0
1422.35 430.661 0
665.957 301.407 0
654.242 200.269 0
588.638 229.946 49.6355
615.706 354.213 205.366
594.886 283.054 272.045
1166.57 465.415 0
1423.52 428.318 0
643.698 261.186 0
621.44 199.488 0
576.924 211.202 50.5317
710.373 378.472 172.392
595.277 332.256 264.094
1173.05 477.255 0
1423.91 428.709 0
781.934 234.242 0
680.014 226.041 0
766.705 256.891 361.909
663.965 438.114 142.075
601.525 352.562 245.726
1423.52 428.318 0
1184.14 338.895 0
970.153 192.459 0
767.486 226.041 0
996.707 230.727 375.81
651.969 450.154 164.754
601.221 353.112 243.435
1422.74 429.49 0
1172.43 337.723 0
1125.57 278.368 0
861.986 224.479 0

1337.61 203.002 146.889
1229 463.467 272.376
603.087 395.517 267.879
1421.92 432.424 0
1346.2 350.219 0
810.31 292.816 0
1352.45 293.207 0
1238.03 192.849 167.123
1021.31 341.238 177.568
603.477 396.298 208.856
1421.62 431.631 0
1348.15 340.847 0
769.828 206.907 0
1344.64 225.26 0
1046.3 226.041 181.042
811.197 363.674 191.959
603.477 396.298 209.249
1421.96 432.614 0
1175.99 308.541 0
728.826 272.12 0
1277.47 187.773 0
975.62 226.822 126.027
707.047 315.607 219.307
603.477 396.298 209.249
1422.9 428.884 0
1130.96 286.185 0
762.8 276.415 0
1147.05 191.678 0
982.258 206.517 142.496
693.291 299.064 147.68
602.745 396.18 209.612
1422.35 429.099 0
1128.69 318.198 0
803.802 293.988 0
984.601 197.145 0
891.273 265.481 180
683.456 316.975 140.851
621.731 397.489 173.235
1423.13 429.099 0
1135.72 351 0
777.638 293.597 0
961.953 197.926 0
805.754 208.079 237.875
618.608 364.2 162.032
580.828 426.756 110.622
1422.74 429.786 0
1141.58 378.335 0
754.691 236.539 0
912.75 197.926 0

1345.03 254.548 177.879
1153.3 390.05 279.462
600.889 383.005 379.897
1421.57 431.833 0
1083.79 399.031 0
1357.92 336.161 0
1352.45 222.917 0
1352.06 257.281 322.889
1145.94 393.864 220.196
600.889 383.005 381.202
1421.18 431.052 0
1095.2 365.553 0
1358.31 335.771 0
1351.67 222.136 0
1339.35 265.239 219.047
1179.99 440.637 232.649
600.889 383.005 381.771
1421.92 432.424 0
1357.92 336.161 0
1016.23 327.57 0
1352.45 222.917 0
1347.37 264.7 285.935
1127.13 403.904 219.648
600.744 383.411 381.194
1421.57 431.833 0
1358.13 336.148 0
914.703 215.107 0
1351.67 226.822 0
1349.32 267.434 376.481
1047.27 348.94 200.815
601.915 384.192 302.8
1421.9 432.055 0
1358.31 335.38 0
886.148 245.929 0
1344.64 229.165 0
1350.11 267.824 199.093
1072.07 337.723 127.891
601.525 383.802 272.913
1422.12 432.088 0
1343.52 333.647 0
870.186 209.25 0
1336.83 236.194 0
1292.13 247.802 212.707
1130.96 493.896 396.229
603.477 411.917 276.116
1422.16 432.027 0
1343.08 346.314 0
880.339 226.432 0
1350.11 211.983 0
1264.59 249.471 168.275
1231.45 526.047 369.083
603.477 411.136 271.005
1421.57 431.442 0
892.054 428.709 0
1355.18 349.438 0
1314.18 284.616 0

1340.34 261.576 146.338
1143.92 380.287 321.953
600.889 383.005 381.771
1421.66 431.543 0
1292.7 367.401 0
1346.59 339.285 0
1352.45 222.917 0
1341.12 259.624 164.932
1143.92 380.678 320.711
600.889 383.005 381.771
1421.81 432.614 0
1322.77 378.335 0
1349.97 325.796 0
1352.45 222.917 0
1339.56 258.062 194.638
1143.92 380.678 322.125
600.889 383.005 381.202
1421.18 431.442 0
1364.55 434.176 0
1346.59 327.57 0
1352.45 223.698 0
1341.51 256.5 242.167
1143.92 380.287 321.953
600.889 383.005 381.202
1421.62 431.631 0
1330.19 390.05 0
1355.96 324.056 0
1353.23 222.917 0
1345.03 260.405 336.517
1143.92 380.678 320.711
600.889 383.005 383.078
1232.96 451.748 0
1421.57 431.833 0
1358.31 335.771 0
1351.67 222.917 0
1350.11 260.795 402.32
1144.42 379.532 322.16
600.889 383.005 381.202
1421.66 432.083 0
1154.08 432.223 0
1358.31 335.771 0
1352.45 222.917 0
1348.15 260.405 94.3987
1152.12 392.783 293.459
600.889 383.005 381.202
1216.17 481.426 0
1421.57 431.833 0
1357.92 335.38 0
1352.45 223.698 0
1347.37 257.281 131.28
1153.3 390.05 278.973
600.889 383.005 379.897
1173.6 440.814 0
1421.57 431.833 0
1357.52 336.552 0
1353.23 222.136 0

1355.18 275.634 373.496
1103.71 397.154 363.896
600.889 383.005 381.202
1418.25 434.095 0
1351.28 325.484 0
1317.69 216.669 0
1357.92 214.326 0
1339.56 265.872 150.124
1104.87 397.178 364.783
600.889 383.005 383.078
1418.05 433.395 0
1342.69 332.256 0
1302.86 181.134 0
1352.45 223.698 0
1338.78 260.014 258.69
1106.86 396.817 348.239
600.889 383.005 379.897
1418.44 433.004 0
1250.92 394.736 0
1347.37 323.665 0
1352.45 223.698 0
1343.86 261.967 349.563
1132.99 372.868 333.004
600.889 383.005 379.897
1418.83 432.614 0
1168.13 425.585 0
1346.98 323.275 0
1352.45 222.917 0
1343.47 263.138 387.669
1143.92 380.678 322.125
600.889 383.005 381.114
1336.05 437.69 0
1420 432.614 0
1346.98 323.665 0
1352.45 223.698 0
1344.16 263.28 56.1605
1143.92 380.678 321.953
600.889 383.005 381.771
1421.18 431.442 0
1374.71 424.413 0
1347.31 323.729 0
1351.67 222.917 0
1341.91 262.357 78.6901
1143.92 380.678 321.789
600.889 383.005 381.202
1421.48 431.563 0
1371.97 416.994 0
1346.2 323.665 0
1352.45 223.698 0

1310.67 259.624 302.471
1131.62 399.153 237.839
602.306 408.793 176.987
1418.05 433.395 0
1357.13 331.085 0
1135.72 189.335 0
1354.01 257.281 0
1338.53 198.672 258.295
1131.34 399.325 239.171
602.306 408.793 176.987
1418.05 433.395 0
1356.76 330.597 0
1134.55 188.554 0
1354.01 258.062 0
1320.82 191.287 239.795
1128.3 402.936 128.088
602.472 409.336 176.3
1418.25 434.095 0
1357.13 331.085 0
1134.94 188.554 0
1357.13 263.529 0
1340.73 210.031 350.134
1118.93 485.331 84.2894
605.039 407.231 106.39
1418.44 432.614 0
1355.18 331.085 0
1132.6 188.944 0
1356.35 275.244 0
1352.45 208.469 188.13
1110.73 437.69 94.6568
602.306 388.878 84.6382
1418.2 433.52 0
1352.06 327.57 0
1147.37 187.818 0
1346.98 295.55 0
1299.34 194.411 354.174
1118.93 393.174 110.204
601.525 384.192 74.3577
1418.2 433.52 0
1345.77 323.766 0
1134.55 189.725 0
1349.32 261.186 0
1300.9 193.63 141.018
1119.71 397.078 78.3106
600.889 383.005 379.897
1418.81 433.291 0
1345.81 324.056 0
1118.93 191.287 0
1338.39 213.545 0
1320.82 244.004 58.7131
1124.03 398.037 368.642
600.889 383.005 381.771
1418.05 433.004 0
1346.09 324.262 0
1250.19 198.297 0
1341.51 201.831 0

1320.43 285.397 302.005
1154.96 469.795 59.5363
594.535 417.742 318.074
1418.44 432.614 0
1345.71 348.047 0
1135.72 189.335 0
1357.13 244.785 0
1313.4 271.339 277.253
1156.52 465.845 293.462
594.535 417.742 319.534
1418.44 433.395 0
1344.21 340.784 0
1135.72 189.335 0
1354.01 286.178 0
1339.17 263.138 360.962
1151.34 463.463 172.147
601.134 411.917 321.009
1418.44 432.614 0
1344.25 349.828 0
1134.55 188.944 0
1354.01 324.446 0
1336.44 264.31 366.514
1150.95 465.415 115.253
604.258 409.184 322.496
1418.83 432.614 0
1334.49 345.143 0
1134.55 188.944 0
1357.13 295.55 0
1335.66 267.824 199.4
1156.42 466.196 368.561
604.258 409.184 322.496
1418.83 432.614 0
1357.92 343.971 0
1134.94 188.944 0
1359.48 317.417 0
1312.23 263.529 382.891
1159.54 463.463 312.455
604.258 409.184 244.359
1417.89 433.597 0
1339.17 343.971 0
1135.33 189.335 0
1341.51 290.083 0
1319.65 247.909 325.861
1149.98 434.096 249.835
603.477 408.793 202.832
1417.66 433.004 0
1357.52 331.866 0
1134.55 188.944 0
1348.54 297.112 0
1336.05 251.424 356.496
1147.05 425.585 247.306
602.306 408.403 176.878
1418.44 433.395 0
1356.82 331.595 0
1134.16 188.554 0
1356.35 255.719 0

1316.91 247.128 122.8
964.295 404.498 257.905
621.05 365.839 345.466
1419.61 428.709 0
1345.42 350.219 0
1134.16 188.944 0
1175.16 204.955 0
1322.38 235.413 59.8265
964.686 405.279 257.905
621.05 365.839 344.554
1419.61 428.709 0
1345.03 350.219 0
1134.94 188.944 0
1179.07 205.736 0
1314.18 229.946 87.7974
953.591 366.73 260.688
621.44 365.839 345.964
1420 428.318 0
1344.64 349.438 0
1134.94 188.944 0
1172.82 204.174 0
1329.41 194.021 286.39
952.581 334.99 272.726
621.05 365.839 343.496
1418.44 429.099 0
1345.03 350.219 0
1135.33 188.944 0
1178.29 190.116 0
1328.24 188.554 73.5706
1083.79 407.231 151.314
621.05 365.839 345.391
1419.61 428.709 0
1344.64 349.438 0
1134.94 188.944 0
1232.96 192.459 0
1339.56 236.975 91.0809
1118.93 360.762 113.459
619.488 367.791 291.038
1418.05 433.004 0
1344.25 349.438 0
1135.33 188.944 0
1286.06 188.554 0
1350.11 238.928 49.7636
1125.18 409.965 74.7449
605.82 404.107 305.074
1418.2 433.52 0
1344.64 349.828 0
1135.33 189.335 0
1344.64 200.269 0

1127.13 231.508 268.919
964.532 406.74 300.86
621.05 365.839 342.824
1419.22 428.709 0
1355.18 335.38 0
1136.11 190.506 0
1175.16 196.364 0
1127.91 231.508 271.081
964.686 407.231 300.964
621.05 365.839 344.745
1418.44 431.442 0
1355.18 335.38 0
1136.11 190.506 0
1175.16 196.364 0
1127.52 231.118 270
964.686 406.841 301.608
621.119 365.7 344.031
1419.22 429.49 0
1355.18 335.38 0
1137.29 190.897 0
1176.73 197.926 0
1127.91 230.727 273.122
964.532 406.74 300.86
621.05 365.839 345.329
1419.22 429.099 0
1354.79 336.161 0
1136.37 190.763 0
1177.51 197.145 0
1127.52 230.727 271.042
964.686 407.231 300.964
621.05 365.839 342.824
1419.22 429.49 0
1352.06 329.913 0
1136.11 190.506 0
1176.73 199.488 0
1129.08 229.946 271.905
964.686 407.622 302.32
621.119 365.7 345.222
1419.22 429.88 0
1338.16 342.852 0
1136.31 188.554 0
1172.04 201.05 0
1165.79 324.056 237.222
965.076 405.279 279.293
621.119 365.7 344.714
1419.22 428.709 0
1275.13 356.857 0
1134.55 188.944 0
1172.04 201.05 0
1227.1 321.713 163.496
964.686 404.888 257.152
621.119 365.7 343.477
1419.61 429.099 0
1295.7 350.147 0
1134.94 188.944 0
1172.04 201.05 0

1127.52 231.118 274.236
964.686 406.841 302.32
621.05 365.839 344.197
1418.83 429.099 0
1354.79 335.771 0
1140.41 190.506 0
1175.16 196.364 0
1127.13 230.727 276.116
964.686 406.841 302.32
621.05 365.839 342.824
1418.83 429.49 0
1354.79 335.771 0
1139.63 190.506 0
1175.16 196.364 0
1127.13 231.508 270
964.686 406.841 302.32
621.119 365.7 344.714
1418.44 429.099 0
1354.79 335.771 0
1138.46 190.506 0
1175.16 196.364 0
1126.74 231.899 267.797
964.686 406.45 301.908
621.05 365.839 342.824
1419.22 429.49 0
1355.18 335.38 0
1137.29 190.506 0
1175.16 196.364 0
1127.13 231.508 271.073
964.686 406.841 301.293
621.05 365.839 342.824
1418.83 429.786 0
1355.18 334.99 0
1137.29 190.506 0
1175.16 196.364 0
1127.13 231.508 268.919
964.686 406.45 302.905
621.05 365.839 344.757
1418.99 429.677 0
1355.18 334.99 0
1137.29 190.506 0
1175.16 196.364 0
1127.52 231.118 270.85
964.686 407.231 300.619
621.05 365.839 345.189
1419.22 429.099 0
1355.18 335.38 0
1136.89 190.506 0
1175.16 196.364 0

1092.38 246.347 284.3
912.003 409.192 208.998
592.425 412.885 56.221
1358.31 433.004 0
993.192 370.134 0
1158.37 201.831 0
1205.62 196.364 0
1081.05 288.13 227.682
874.091 370.525 255.964
562.475 397.078 352.747
1358.45 433.356 0
1059.1 344.228 0
1181.41 268.605 0
1139.24 192.459 0
1053.72 284.225 185.389
918.607 503.684 261.027
562.085 398.25 262.476
1358.65 432.796 0
1055.28 339.285 0
1125.18 299.845 0
1092.38 251.033 0
1070.12 312.341 177.879
899.083 441.986 265.914
614.411 368.572 339.567
1113.07 461.51 0
1358.31 433.395 0
1148.61 305.312 0
1101.75 304.922 0
1032.63 314.293 180
897.13 404.888 275.906
621.05 366.229 345.436
1195.47 602.089 0
1358.7 433.004 0
1273.57 306.874 0
1147.05 318.198 0
1032.63 314.293 180
897.13 405.279 275.013
621.05 365.839 345.396
1196.14 602.334 0
1358.7 434.12 0
1274.35 306.483 0
1147.05 318.198 0
1032.21 315.072 179.777
897.13 404.888 276.766
621.05 365.839 344.745
1195.47 602.479 0
1359.09 433.395 0
1274.74 306.483 0
1147.05 318.198 0
1032.63 314.293 180.742
897.13 404.888 276.766
621.119 365.7 344.714
1195.52 602.089 0
1358.31 433.395 0
1274.35 306.874 0
1147.05 318.198 0

737.027 531.019 347.905
632.374 493.141 233.326
578.486 527.504 180
772.562 532.19 0
1154.86 515.399 0
1362.69 501.023 0
759.676 483.769 0
825.669 541.562 304.824
689.253 535.023 197.791
565.417 529.481 179.408
1157.59 532.581 0
870.186 527.504 0
1370.02 516.18 0
848.709 522.818 0
811.221 545.076 361.042
688.217 535.603 182.092
538.264 534.924 97.5238
986.554 541.172 0
1159.15 528.09 0
1371.19 522.818 0
944.771 538.438 0
810.831 545.076 358.919
688.217 535.603 182.092
538.264 534.924 93.2397
984.211 541.172 0
1160.32 527.895 0
1371.19 525.161 0
944.771 538.438 0
810.831 545.076 361.081
687.803 536.271 181.506
538.264 534.924 94.2364
984.211 540.781 0
1159.54 528.676 0
1370.8 526.333 0
944.771 538.438 0
810.44 545.076 360.863
688.217 535.603 182.97
538.264 534.924 94.1494
984.034 540.995 0
1370.8 525.161 0
1159.54 529.066 0
944.771 538.438 0
810.831 545.076 362.121
687.81 535.958 182.064
538.264 534.924 93.2397
983.856 540.941 0
1370.8 525.552 0
1159.15 528.648 0
944.771 538.438 0

607.773 204.955 137.863
520.156 451.431 222.112
520.525 505.469 106.18
1152.91 435.738 0
1352.06 422.851 0
626.126 420.899 0
643.308 200.269 0
596.839 383.802 94.9687
520.249 451.424 220.892
520.525 505.469 107.431
648.384 445.109 0
1151.18 440.817 0
1353.23 422.461 0
615.192 205.736 0
662.442 469.711 398.991
522.218 451.225 218.967
521.832 504.455 113.645
1149.78 433.785 0
757.17 429.49 0
1352.6 421.65 0
588.638 200.269 0
709.692 491.969 338.806
558.767 487.279 209.588
515.25 515.776 140.489
1150.86 455.219 0
1352.48 422.574 0
895.178 377.944 0
555.056 213.545 0
642.917 523.209 358.877
590.528 500.787 199.008
540.695 517.513 177.569
761.238 542.343 0
1149.78 459.167 0
1352.35 419.694 0
545.684 258.843 0
685.481 525.942 357.879
637.756 506.617 186.009
590.624 520.514 190.796
734.684 496.264 0
1147.95 467.787 0
1352.45 421.289 0
594.105 311.169 0
691.339 525.552 364.236
643.632 507.227 189.863
596.424 520.653 191.533
791.306 547.81 0
1154.11 494.852 0
1357.13 403.44 0
643.308 368.963 0
728.045 533.362 370.125
679.601 517.854 195.91
602.306 522.818 170.707
765.533 530.628 0
1154.08 490.017 0
1359.09 430.271 0
697.977 425.975 0

1352.84 298.283 200.817
617.357 475.983 173.063
541.26 488.934 152.447
1345.26 413.641 0
1119.86 303.114 0
957.657 291.645 0
1350.11 358.81 0
1223.58 196.364 186.116
525.196 453.648 210.647
522.254 503.684 113.749
1341.51 390.05 0
1046.69 297.502 0
1116.98 280.711 0
1351.67 288.521 0
1124.01 221.355 147.529
520.156 451.431 220.796
520.525 505.469 106.18
1344.56 424.505 0
1130.65 294.769 0
1029.51 272.51 0
1344.64 213.545 0
1115.42 204.174 72.2553
520.156 451.431 220.89
520.525 505.469 105.485
1352.45 422.461 0
1122.45 282.273 0
1034.05 268.369 0
1243.89 191.678 0
1074.02 188.554 173.418
520.156 451.431 220.89
520.525 505.469 106.846
1352.45 422.461 0
1084.57 341.238 0
1124.61 295.838 0
1092.38 188.554 0
885.025 213.936 181.081
520.156 451.431 218.477
520.525 505.469 106.18
1352.45 422.692 0
1149.78 349.438 0
927.589 326.008 0
984.601 195.583 0
818.641 211.983 168.275
520.156 451.431 219.608
520.525 505.469 106.18
1352.42 422.829 0
1151.73 397.078 0
679.234 260.795 0
857.3 196.364 0
664.395 217.06 196.39
520.156 451.431 220.89
520.525 505.469 106.18
1352.06 422.07 0
1147.44 419.727 0
569.311 197.828 0
736.246 211.983 0

637.06 358.029 291.194
553.51 283.764 182.765
609.335 406.06 237.995
1225.93 472.835 0
1350.17 420.261 0
857.69 297.502 0
601.915 205.736 0
782.324 267.043 357.879
562.776 295.628 231.994
619.097 278.368 251.565
1256.98 492.791 0
1351.28 420.899 0
943.99 238.147 0
552.713 290.864 0
898.302 302.188 379.134
706.974 430.476 199.395
600.353 296.721 281.31
1354.4 405.279 0
1202.89 356.467 0
867.062 265.872 0
590.2 215.888 0
979.915 348.657 376.745
924.192 441.759 201.651
585.124 364.277 285.803
1349.32 422.461 0
1249.75 397.859 0
936.961 299.455 0
744.837 204.955 0
1195.47 283.054 357.955
1003 546.248 272.761
582.391 382.24 277.595
1360.65 408.012 0
1091.6 404.498 0
1192.34 333.937 0
928.37 228.384 0
1319.4 353.31 385.703
949.847 453.31 249.775
588.248 466.587 265.445
1359.48 411.527 0
1072.07 408.793 0
1196.64 353.343 0
1130.65 297.893 0
1347.76 294.769 277.253
760.847 368.182 152.526
589.029 470.882 185.013
1329.64 413.44 0
1197.81 402.155 0
1110.73 390.831 0
1336.83 362.715 0

1034.58 254.548 381.801
1257.56 272.51 139.514
576.924 371.306 361.042
1354.01 398.641 0
1233.74 350.219 0
1017.79 313.512 0
1305.59 256.5 0
953.752 231.118 369.09
1028.82 367.836 181.426
577.314 371.306 363.122
1342.69 418.946 0
1226.71 383.411 0
990.675 271.861 0
1337.61 231.508 0
894.006 224.87 357.926
794.08 359.604 199.494
576.924 371.306 362.045
1350.37 419.163 0
1125.57 254.548 0
953.362 231.899 0
1266.54 221.355 0
846.756 213.545 390.964
667.774 299.328 210.522
577.314 371.306 362.045
1350.5 422.461 0
1146.66 279.149 0
904.94 249.081 0
1125.18 215.888 0
794.82 200.269 340.201
637.45 283.835 150.341
577.707 371.297 379.698
1350.29 419.849 0
1152.36 365.032 0
851.052 194.802 0
959.609 203.393 0
682.748 267.043 312.527
562.409 325.167 160.066
575.752 372.868 244.855
1350.89 421.68 0
1149.78 412.698 0
793.438 308.863 0
833.87 206.517 0
646.822 311.56 327.875
595.667 293.988 136.341
568.723 365.839 230.434
1350.5 421.289 0
1136.65 402.667 0
686.494 371.074 0
762.019 217.45 0
676.109 295.55 347.005
599.963 280.711 68.8059
566.771 365.058 238.078
1351.28 420.508 0
1151.73 374.43 0
663.614 374.039 0
687.043 219.793 0

1087.3 369.353 149.421
1315.74 215.498 84.4007
576.924 371.306 362.045
1355.8 399.48 0
1170.48 338.114 0
1351.57 340.773 0
1347.76 201.05 0
1086.91 374.039 70.2011
1321.76 219.28 58.8018
576.924 371.306 361.042
1352.84 416.994 0
1169.7 403.326 0
1265.75 293.307 0
1316.52 186.992 0
1086.91 374.039 70.2011
1311.06 208.469 99.6375
576.924 371.306 361.176
1358.31 400.593 0
1083.79 289.692 0
1300.01 269.938 0
1279.04 184.649 0
1086.52 373.649 68.8059
1315.94 219.872 84.9144
577.314 371.306 364.196
1358.31 420.899 0
1300.12 268.605 0
997.488 204.564 0
1282.16 189.335 0
1086.52 373.649 71.565
1300.9 215.107 124.037
577.314 371.306 363.013
1355.96 397.078 0
1353.62 319.76 0
961.172 251.814 0
1279.04 184.649 0
1073.24 346.705 51.3402
1312.26 220.487 259.337
577.314 371.306 362.045
1350.98 411.93 0
1354.79 320.541 0
958.828 206.517 0
1288.41 202.612 0
1136.11 450.967 93.2397
1320.14 261.323 200.836
576.924 371.306 363.122
1354.01 404.498 0
1343.34 304.835 0
979.525 244.004 0
1315.74 202.612 0
1157.2 375.992 91.9749
1335.66 227.213 142.306
576.924 371.306 361.042
1358.31 427.928 0
1056.45 377.944 0
1293.4 336.398 0
1343.08 196.364 0

949.847 433.785 191.627
1193.91 243.223 339.677
611.287 404.888 260.707
1344.64 436.519 0
1154.86 282.663 0
1133.77 210.031 0
1059.58 358.81 0
1109.17 437.69 181.005
1277.4 227.572 359.751
608.944 397.078 206.806
1335.24 385.201 0
1230.22 220.574 0
1116.2 200.269 0
1136.89 267.434 0
1138.85 441.205 99.2461
1353.2 233.453 389.926
611.678 395.517 97.5238
1346.59 367.01 0
1305.59 282.273 0
1129.08 205.345 0
1274.35 262.748 0
1140.02 442.767 51.8043
1349.71 235.804 329.036
609.335 377.944 391.675
1347.76 392.393 0
1349.71 311.169 0
1134.94 211.202 0
1337.61 295.55 0
1143.92 442.376 352.476
1305.82 212.507 230.735
581.219 371.306 365.013
1357.77 392.028 0
1350.11 308.826 0
1099.02 199.488 0
1340.73 271.339 0
1161.5 384.192 271.042
1314.53 210.473 401.343
576.924 371.306 362.045
1344.06 403.909 0
1346.2 286.959 0
1140.41 199.097 0
1345.42 248.69 0
1149.78 355.295 191.31
1318.48 210.421 305.707
576.924 371.306 361.176
1345.44 412.213 0
1357.13 315.465 0
1253.65 293.207 0
1352.45 226.822 0

