724.134 732.073 215.789
807.494 663.695 276.116
664.976 513.878 342.824
1039.9 522.329 0
1251.57 493.134 0
1399.85 493.902 0
1017.62 519.256 0
700.358 713.685 229.218
804.583 661.626 230.496
693.018 500.049 330.751
1039.73 521.945 0
1251.95 492.75 0
1398.74 492.95 0
1016.85 519.256 0
700.358 713.685 229.218
804.583 661.626 232.209
693.018 500.049 331.144
1040.29 522.329 0
1251.57 493.518 0
1399.46 493.518 0
1016.85 519.256 0
700.002 714.085 226.365
804.57 661.611 229.491
693.018 500.049 332.526
1040.29 522.329 0
1251.95 492.366 0
1399.11 493.883 0
1016.85 519.256 0
700.329 713.657 226.665
804.583 661.626 230.496
693.018 500.433 332.526
1040.29 522.329 0
1251.57 493.134 0
1399.46 493.518 0
1017.62 519.256 0
701.064 713.658 227.993
804.527 661.678 232.174
693.018 500.049 331.557
1040.29 521.945 0
1251.57 493.134 0
1399.08 493.518 0
1016.85 519.256 0
699.077 711.068 237.91
817.098 661.006 245.852
693.018 500.433 332.526
1039.9 521.945 0
1251.57 493.518 0
1399.46 493.518 0
686.488 823.5 0

1179.73 561.896 372.171
922.354 381.348 357.84
587.378 564.585 90.9094
1239.66 631.811 0
1237.35 571.5 0
1366.04 558.439 0
1203.55 563.049 0
1111.35 549.988 379.799
924.274 370.591 342.759
587.286 564.587 91.1367
1207.35 581.346 0
1148.62 576.494 0
1360.66 551.909 0
1138.24 549.988 0
1104.82 547.299 383.199
1003.02 366.75 381.903
587.286 564.587 91.1367
1143.62 565.354 0
1362.59 553.829 0
1225.45 512.514 0
1132.87 544.61 0
1104.82 547.299 383.199
788.353 395.224 326.806
587.286 564.587 91.1367
1144.01 565.738 0
1245.35 558.235 0
1359.51 547.299 0
1135.94 543.841 0
1037.21 547.299 351.573
760.815 530.715 246.075
587.378 564.585 90.9094
1245.42 577.262 0
1359.13 556.733 0
1107.9 549.604 0
1065.26 543.073 0
938.104 556.518 364.497
780.219 555.366 189.039
586.931 564.201 91.0954
1245.04 578.031 0
1359.13 556.518 0
1108.08 548.961 0
981.512 549.988 0
933.878 555.75 363.366
780.219 555.366 189.77
586.931 564.201 92.9765
1245.42 577.646 0
1359.51 556.902 0
1107.51 549.219 0
981.512 549.988 0
933.878 555.75 361.123
779.396 556.031 188.789
587.378 564.849 91.5178
1245.8 577.262 0
1359.51 556.902 0
1107.51 549.219 0
980.744 549.219 0

1153.99 605.689 275.389
1316.5 711.291 292.97
590.067 583.793 278.13
1392.55 648.329 0
1243.57 646.374 0
1331.85 538.463 0
1357.98 697.5 0
1132.87 673.683 302.125
1352.98 819.659 235.784
598.902 693.274 263.807
1387.94 653.707 0
1319.95 628.354 0
1150.92 625.281 0
1368.73 688.281 0
1173.97 640.262 340.746
1299.31 860.332 347.486
606.585 720.549 178.958
1406.38 653.986 0
1257.33 583.409 0
1196.25 576.494 0
1350.29 836.561 0
1170.51 617.598 104.859
1109.49 776.992 70.2388
639.622 707.872 149.744
1186.33 661.692 0
1389.86 620.287 0
1353.21 469.163 0
1317.26 859.61 0
1199.71 606.457 93.1379
1040.82 573.11 82.0223
639.622 707.104 127.504
1400.62 656.781 0
1231.72 644.228 0
1340.3 622.591 0
1285.76 888.805 0
1218.53 576.878 72.8484
1038.68 415.182 98.6404
608.662 647.498 65.3495
1397.16 665.616 0
1298.05 603.384 0
1267.32 583.793 0
1258.1 798.915 0
1218.91 573.037 368.619
1040.29 378.274 380.898
586.226 563.433 97.8533
1307.27 614.14 0
1371.8 577.646 0
1262.32 582.64 0
1226.6 664.463 0

1130.56 675.988 110.556
1342.23 863.451 180
594.293 700.573 212.32
1299.97 853.463 0
1365.49 738.049 0
1408.6 648.894 0
1368.73 868.829 0
1124.8 758.195 105.068
1335.65 822.792 224.629
595.829 698.652 88.0251
1314.57 857.689 0
1369.12 729.384 0
1408.68 647.945 0
1350.29 860.378 0
1132.87 801.604 71.565
1331.85 698.652 315.056
594.677 697.116 262.747
1289.21 878.817 0
1363.74 739.756 0
1415.98 627.969 0
1357.21 846.549 0
1124.03 794.425 393.432
1368.21 686.79 200.277
594.677 697.116 263.66
1265.4 859.994 0
1333.77 823.5 0
1393.65 628.213 0
1352.6 840.402 0
1060.65 697.884 55.4375
1332.72 686.305 353.812
594.677 697.116 262.747
1315.36 885.542 0
1355.84 831.443 0
1390.63 618.366 0
1345.68 898.793 0
1190.49 647.177 320.628
1370.27 699.805 190.125
594.788 698.937 261.561
1369.29 839.719 0
1183.19 764.341 0
1386.4 620.287 0
1356.44 880.354 0
1170.9 488.524 212.042
1358.36 669.457 240.672
587.762 626.049 274.036
1212 772.409 0
999.567 696.732 0
1385.25 623.36 0
1357.21 788.927 0
1136.32 496.207 249.821
1349.91 670.209 197.49
587.847 601.037 275.885
1189.43 733.103 0
1390.8 634.934 0
1187.03 624.512 0
1351.06 709.024 0

1152.46 676.756 212.8
1343.38 864.185 181.061
592.372 699.805 330.124
1306.88 855.384 0
1364.89 738.604 0
1407.91 647.945 0
1368.73 872.671 0
1152.46 676.756 212.64
1343.38 864.185 180.087
592.372 700.189 330.524
1306.88 856.152 0
1365.66 738.988 0
1408.5 648.147 0
1369.5 872.671 0
1153.23 675.988 210.964
1343.76 863.451 181.975
592.372 699.805 328.325
1306.5 855.768 0
1365.41 738.533 0
1407.91 648.804 0
1368.73 872.671 0
1153.23 676.372 212.125
1343.38 864.185 178.175
592.372 699.805 330.124
1307.27 855.768 0
1365.27 738.604 0
1408.3 648.713 0
1369.5 872.671 0
1152.84 676.372 212.791
1342.98 864.177 180.128
592.372 699.805 330.124
1306.88 855.768 0
1365.66 738.604 0
1407.91 649.482 0
1369.5 872.671 0
1152.84 676.372 213.813
1343.38 864.185 178.757
592.372 700.189 331.557
1306.88 855.768 0
1364.89 738.604 0
1408.68 648.329 0
1370.27 872.671 0
1153.23 675.988 214.364
1343.38 864.185 183.003
592.372 699.805 331.144
1306.88 855.768 0
1365.66 738.604 0
1407.91 649.482 0
1368.73 872.671 0
1143.62 672.146 204.624
1341.44 863.785 181.15
592.372 699.805 330.124
1305.35 856.152 0
1365.51 738.514 0
1408.3 648.329 0
1367.96 874.207 0

1152.84 676.372 212.8
1343.75 863.782 183.2
592.372 700.189 330.945
1306.88 856.537 0
1365.27 738.604 0
1408.2 648.876 0
1369.5 872.671 0
1152.84 676.372 212.8
1343.38 864.119 180.256
592.372 700.189 331.557
1307.27 855.818 0
1365.66 738.604 0
1408.3 648.329 0
1369.5 872.671 0
1152.84 676.372 214.287
1343.38 864.185 179.145
592.372 699.805 330.829
1306.88 856.152 0
1365.27 738.604 0
1408.12 649.098 0
1368.73 872.671 0
1152.84 676.372 212.8
1343.38 864.185 181.999
592.372 699.805 328.325
1306.88 856.152 0
1364.89 738.988 0
1408.32 649.098 0
1368.73 872.671 0
1152.84 676.372 210.964
1343.38 864.185 182.068
592.372 699.805 329.469
1306.88 855.834 0
1365.27 738.604 0
1408.3 648.329 0
1369.5 872.671 0
1152.46 676.756 213.111
1342.98 864.177 181.07
592.372 699.805 331.144
1306.12 856.152 0
1365.66 738.604 0
1408.3 648.713 0
1370.27 872.671 0
1152.84 676.372 214.683
1344.15 863.451 183.122
592.372 699.805 330.124
1306.88 855.768 0
1365.66 738.604 0
1408.3 648.713 0
1368.73 872.671 0

1036.45 531.165 371.31
1352.21 717.86 255.964
608.506 662.159 75.2564
1204.35 875.345 0
1296.9 670.994 0
1352.83 596.626 0
1324.17 848.854 0
974.213 527.707 319.54
1332.95 691.583 343.625
599.707 640.631 72.0746
1213.54 884.579 0
1211.92 692.787 0
1372.99 652.746 0
1353.37 787.39 0
956.159 598.39 273.013
1232.68 742.303 336.428
623.872 667.152 372.095
1272.7 778.171 0
1369.5 654.476 0
1259.25 633.732 0
1251.95 693.659 0
954.238 588.018 261.254
1098.19 781.615 358.676
610.427 683.671 315.05
1295.36 783.549 0
1369.5 654.091 0
1218.15 487.372 0
1171.28 769.719 0
950.012 558.439 268.409
1066.05 782.501 363.138
592.372 700.189 330.524
1285.37 782.396 0
1369.88 652.555 0
1200.86 485.451 0
1170.51 769.719 0
950.396 558.439 266.76
1065.64 783.165 362.911
592.372 700.189 329.036
1285.76 782.396 0
1369.88 653.323 0
1201.32 485.553 0
1170.51 769.719 0
950.396 558.439 268.877
1066.45 782.145 363.143
592.372 699.805 331.144
1285.76 782.781 0
1370.42 653.323 0
1201.6 485.468 0
1170.51 768.951 0
950.396 558.823 265.601
1066.09 782.786 363.983
592.372 699.805 330.124
1285.37 782.396 0
1370.27 653.323 0
1201.49 485.222 0
1170.51 768.951 0

923.122 700.957 374.3
1309.56 890.284 402.07
617.487 704.664 222.834
1138.61 853.957 0
1362.59 751.665 0
1392.55 646.793 0
902.378 811.207 0
952.317 710.945 377.745
1330.94 867.995 116.995
618.11 703.646 158.199
1126.34 878.817 0
1342.06 699.725 0
1357.21 646.793 0
996.878 851.927 0
971.524 695.963 281.725
1321.1 873.439 306.469
618.11 703.262 91.0344
1135.94 853.848 0
1361.86 779.949 0
1366.04 659.854 0
1107.51 895.719 0
968.067 686.36 245.924
1326.48 851.927 88.9949
617.726 702.878 85.88
1177.79 863.132 0
1367.2 723.622 0
1365.27 658.701 0
1149.77 891.11 0
968.067 687.128 243.435
1324.55 883.811 293.125
618.606 703.572 85.5859
1282.3 858.073 0
1356.82 813.896 0
1365.27 659.085 0
1180.5 894.951 0
1039.52 782.012 237.529
1319.56 887.05 394.861
617.726 702.878 84.6107
1273.46 862.299 0
1344.15 769.335 0
1365.75 659.314 0
1214.3 897.256 0
1055.27 805.829 167.471
1323.79 891.878 123.408
617.726 702.878 84.6107
1258.98 863.645 0
1298.43 691.354 0
1366.43 663.311 0
1252.72 897.256 0
1153.61 648.713 90
1345.68 861.915 297.031
617.726 702.878 88.9584
1267.7 879.969 0
1325.32 709.409 0
1373.73 649.098 0
1304.96 893.415 0

1367.96 255.348 361.042
930.805 488.14 197.649
556.941 452.689 48.7992
1261.17 821.195 0
1389.48 492.75 0
1266.86 441.506 0
1394.09 241.902 0
1256.56 293.57 335.794
722.982 564.585 116.565
560.644 458.974 87.8641
1227.22 871.464 0
1381.02 481.226 0
1129.28 364.949 0
1368.73 285.695 0
1174.74 404.78 292.903
611.195 706.335 146.041
623.488 481.226 365.105
1040.18 730.364 0
1399.08 596.085 0
1249.26 554.213 0
1254.26 391.72 0
1046.43 563.433 351.607
572.773 740.527 72.2042
628.098 488.909 333.886
1321.87 739.372 0
1383.1 597.704 0
857.049 594.165 0
1062.18 503.122 0
832.848 664.463 326.592
781.225 809.47 378.767
570.281 637.327 260.53
1348.76 669.457 0
1386.42 614.678 0
747.567 507.732 0
852.439 630.659 0
716.067 766.646 327.986
1023.02 840.175 369.765
583.544 669.537 243.6
1355.14 670.674 0
1386.02 622.591 0
946.555 549.604 0
749.488 745.134 0
766.006 742.445 333.654
1214.37 868.425 372.491
586.072 673.287 240.339
1352.6 688.281 0
1061.8 653.323 0
1379.49 628.354 0
817.866 775.866 0

1104.05 364.061 164.197
1006.3 473.724 70.0196
606.354 459.096 247.939
1044.05 465.112 0
1363.33 460.214 0
1265.4 374.433 0
1360.28 397.098 0
1066.41 391.335 85.7636
1054.12 527.323 69.2277
606.184 458.378 248.578
1237.35 537.311 0
1388.32 445.884 0
1356.83 352.417 0
1371.8 360.22 0
1229.29 432.823 329.381
1158.22 652.171 402.274
609.124 462.869 246.345
1421.74 556.518 0
1342.23 467.396 0
1212.77 326.415 0
1243.5 337.171 0
1356.44 370.976 365.255
1203.01 673.769 336.514
608.914 462.801 246.304
1376.48 484.299 0
1371.42 452.799 0
1214.69 376.354 0
1259.63 374.049 0
1374.49 395.177 64.8552
1169.97 620.779 264.844
605.389 458.58 240.576
1327.4 571.605 0
1363.69 458.659 0
1246.19 427.445 0
1299.59 411.695 0
1384.48 353.305 262.999
1200.48 430.134 294.444
593.14 442.427 207.031
1376.03 525.787 0
1376.03 466.628 0
1259.25 436.28 0
1382.56 407.854 0
1379.26 255.357 303.558
1204.7 347.159 219.447
562.409 460.482 143.746
1407.53 610.683 0
1379.1 481.226 0
1346.84 387.878 0
1374.88 373.28 0
1341.46 249.585 361.685
1151.61 418.371 149.687
556.951 456.365 70.8872
1389.09 598.006 0
1392.16 490.829 0
1331.09 411.311 0
1382.56 311.049 0

1189.34 462.787 187.524
1114.34 595.545 356.119
619.109 492.469 264.515
1230.44 481.61 0
1376.03 482.378 0
955.164 364.885 0
1283.45 490.829 0
1179.73 462.787 187.228
1033.76 666.768 298.856
619.109 492.469 264.871
1127.93 553.32 0
1218.52 492.036 0
1371.8 467.78 0
1299.59 473.159 0
1177.04 437.817 259.509
1030.3 672.531 297.897
619.846 494.318 264.041
1137.48 554.213 0
1188.48 482.49 0
1372.71 467.874 0
1226.6 483.915 0
1268.85 414 348.311
1048.35 625.281 301.293
609.274 462.787 254.458
1125.95 496.207 0
1366.43 477.768 0
1175.75 451.898 0
1248.11 464.707 0
1366.43 359.067 357.282
1159.05 566.47 371.332
606.843 458.793 251.267
1142.09 525.787 0
1363.66 480.214 0
1204.32 397.866 0
1301.89 436.28 0
1345.68 364.829 271.975
1193.18 577.262 386.565
606.59 458.687 250.591
1380.91 460.101 0
1165.52 424.372 0
1185.49 366.366 0
1356.44 410.159 0
1256.18 373.665 194.534
1091.73 539.982 388.449
606.653 458.089 251.35
1220.84 496.207 0
1377.95 469.317 0
1059.11 445.884 0
1311.88 377.122 0

1241.96 775.866 344.197
933.11 607.994 85.156
615.805 761.268 160.907
1308.04 805.829 0
1259.48 688.486 0
1389.86 666 0
1331.85 835.793 0
1146.7 818.122 338.806
996.494 748.591 81.8699
598.518 749.744 95.8193
1201.24 796.61 0
1206.24 699.805 0
1389.63 666.026 0
1192.79 831.951 0
1041.44 843.091 357.955
995.341 765.11 105.238
583.921 737.451 353.122
1223.72 749.806 0
1389.86 665.616 0
1220.07 631.043 0
1170.51 855.768 0
1036.83 825.037 286.504
1003.02 577.646 90.9811
573.933 730.537 264.806
1248.46 734.937 0
1389.86 665.616 0
1248.49 412.463 0
1184.34 888.805 0
1152.07 644.104 316.432
991.5 480.841 76.7014
601.207 598.006 295.07
1191.64 745.902 0
1389.86 666 0
1216.23 452.799 0
1202.01 778.939 0
1233.13 537.695 316.507
998.799 496.976 382.694
613.5 569.195 294.775
1212.77 599.927 0
1394.06 592.934 0
1186.65 490.445 0
1221.99 652.171 0
1205.85 500.817 304.673
1064.49 541.152 46.3972
614.268 568.043 296.114
1400.23 588.018 0
1163.38 528.167 0
1102.77 412.922 0
1235.82 597.622 0
1206.24 469.701 240.945
1104.19 576.034 377.832
621.567 502.354 268.84
1366.04 515.031 0
1206.62 519.256 0
927.732 261.494 0
1248.11 543.073 0

928.884 864.604 172.476
845.611 716.751 177.904
593.644 734.594 254.58
845.524 830.799 0
1283.84 683.287 0
1389.86 666 0
910.829 898.024 0
1081.77 876.512 189.638
848.982 704.031 70.9744
593.904 734.508 256.483
1033.49 723.595 0
1389.48 666.384 0
1297.28 637.573 0
989.963 892.646 0
1125.57 889.957 306.461
849.75 685.698 49.2116
593.904 734.508 256.478
1223.39 831.745 0
1280.76 726.695 0
1389.86 666 0
1079.09 888.805 0
1213.54 900.329 361.06
1017.71 747.611 372.69
593.644 734.594 253.469
1301.89 896.488 0
1268.47 806.213 0
1389.48 665.616 0
1155.91 886.5 0
1273.08 894.951 340.422
1136.81 734.073 342.069
593.487 734.647 254.21
1237.32 858.544 0
1315.34 854.232 0
1390.24 666.384 0
1189.72 891.11 0
1318.41 868.445 337.38
1139.4 750.896 271.042
593.644 734.594 254.631
1276.43 886.044 0
1345.3 821.963 0
1389.48 666.384 0
1229.67 890.341 0
1354.52 822.348 295.279
1017.8 635.374 209.254
593.969 733.975 253.553
1318.02 864.219 0
1309.19 710.945 0
1389.48 665.616 0
1273.46 891.878 0
1361.07 763.551 319.831
931.189 617.598 177.906
601.591 750.128 248.157
1351.83 820.043 0
1318.02 715.555 0
1390.23 665.673 0
1316.49 883.427 0

1315.72 851.927 187.253
1189.34 662.543 270.971
590.263 719.813 265.522
1270.39 787.774 0
1362.96 741.346 0
1389.86 666 0
1336.46 851.927 0
1108.66 851.543 176.76
1170.47 599.752 213.796
590.597 719.755 266.474
1016.85 843.476 0
1264.24 828.494 0
1389.48 666 0
1341.84 854.232 0
1008.02 893.031 148.241
947.162 685.704 152.602
590.451 719.396 264.094
963.241 888.145 0
1230.49 830.799 0
1389.48 665.232 0
1242.73 858.073 0
991.336 893.826 58.5741
829.39 739.756 183.013
593.956 734.475 258.034
933.41 889.62 0
1256.95 720.549 0
1389.86 666.384 0
1132.1 869.598 0
961.537 896.488 160.201
809.716 741.428 167.957
593.956 734.475 257.432
897.768 884.195 0
1389.86 665.616 0
1267.32 664.848 0
1006.1 894.183 0
888.165 886.5 210.579
677.652 741.293 176.634
593.956 734.475 258.108
843.988 855 0
1250.8 717.091 0
1389.86 666.384 0
958.463 897.256 0
869.726 875.744 345.466
734.122 722.469 174.094
593.904 734.508 256.028
810.567 876.128 0
1388.71 664.848 0
1305.73 624.896 0
914.671 897.256 0

1321.48 779.323 79.2069
1159.76 618.75 219.289
584.689 678.677 164.197
1183.57 867.677 0
1364.12 750.128 0
1389.86 665.616 0
1371.04 768.951 0
1340.3 803.909 221.132
1159.37 618.75 220.711
584.689 678.293 151.557
1198.55 861.915 0
1364.06 750.015 0
1389.86 666 0
1372.57 767.415 0
1361.43 799.299 49.6355
1174.35 628.354 208.351
585.773 675.205 370.739
1198.55 882.659 0
1358.74 743.982 0
1389.48 665.616 0
1372.57 765.878 0
1352.21 819.274 127.093
1173.48 628.199 210.645
585.844 675.132 230.748
1209.31 870.75 0
1362.79 755.138 0
1389.86 666 0
1372.57 765.878 0
1352.98 810.055 59.6801
1127.34 613.353 205.114
591.951 674.439 379.558
1296.51 841.171 0
1362.59 757.811 0
1389.48 665.232 0
1363.35 778.939 0
1350.68 859.994 138.165
1079.09 598.006 137.578
591.604 672.531 280.491
1309.19 816.969 0
1363.74 761.268 0
1389.48 665.616 0
1366.43 817.354 0
1325.71 879.201 381.194
1144.77 719.781 399.428
589.683 706.719 272.045
1308.03 824.906 0
1363.82 760.947 0
1389.86 666 0
1366.43 818.89 0
1331.09 878.598 392.383
1200.14 739.808 338.932
590.263 719.813 266.437
1296.9 817.738 0
1363.74 761.652 0
1389.7 665.492 0
1364.89 855.768 0

1340.69 882.659 90.1149
1145.93 719.781 337.925
583.537 665.232 275.194
1264.24 775.098 0
1358.36 761.268 0
1390.24 666.384 0
1328.01 899.561 0
1359.9 820.427 104.3
1157.07 682.518 287.103
586.226 674.451 299.334
1321.1 821.963 0
1356.82 761.652 0
1390.24 666 0
1351.06 887.268 0
1321.48 792 90.9122
1162.83 624.512 271.94
583.921 679.061 160.907
1213.54 839.634 0
1350.68 745.134 0
1389.86 665.616 0
1357.21 847.317 0
1324.17 782.781 100.491
1161.68 620.287 220.815
583.921 679.061 162.897
1187.03 883.811 0
1368.7 747.657 0
1390.24 666.384 0
1359.51 803.524 0
1332.62 809.671 69.9491
1160.84 620.38 220.498
583.921 679.061 162.181
1203.93 844.628 0
1373.73 747.055 0
1390.24 666 0
1367.96 772.793 0
1337.62 800.451 149.421
1161.68 619.902 222.215
585.457 678.293 161.565
1192.79 868.445 0
1374.88 746.287 0
1389.86 665.616 0
1367.2 774.329 0
1342.61 803.14 123.996
1158.99 619.134 218.211
584.689 678.677 163.496
1185.88 879.585 0
1369.12 747.439 0
1389.48 666 0
1367.96 774.329 0
1324.94 779.707 200.433
1159.37 618.75 219.428
584.689 678.677 164.197
1183.19 872.671 0
1365.27 750.128 0
1389.86 666 0
1369.5 771.256 0

672.274 900.713 353.157
611.963 748.591 67.5206
595.829 630.274 352.147
726.055 862.683 0
1163.53 716.729 0
1388.32 661.774 0
731.817 894.183 0
751.024 901.866 360
625.669 698.802 391.923
603.128 646.793 336.251
741.421 747.055 0
1389.86 661.006 0
1229.6 616.762 0
768.695 838.866 0
876.256 900.713 359.005
846.293 682.902 322.454
615.037 655.244 316.469
936.183 725.927 0
1389.86 659.469 0
1389.86 490.061 0
872.415 826.573 0
1026.32 892.322 338.298
972.293 531.549 337.834
614.652 654.86 313.568
1102.9 850.39 0
1390.24 660.622 0
1330.6 611.607 0
993.037 811.976 0
1210.85 817.354 365.194
1065.26 545.378 388.686
615.421 655.244 315
1157.45 875.36 0
1345.74 755.689 0
1389.81 665.668 0
1129.79 797.378 0
1318.41 870.75 390.859
1127.87 675.604 80.2176
615.037 655.244 307.875
1266.93 850.39 0
1363.35 755.506 0
1389.6 665.438 0
1284.22 782.781 0
1328.4 869.213 333.018
1145.11 720.112 384.265
612.431 653.846 239.165
1242.73 907.244 0
1357.98 760.884 0
1389.86 666 0
1354.9 855.768 0

953.47 358.683 88.0909
688.793 651.018 272.816
621.567 492.75 319.453
1189.34 490.061 0
940.588 437.073 0
1372.21 404.331 0
983.049 321.805 0
832.079 526.555 158.199
610.043 798.915 347.152
591.988 511.957 341.565
850.518 561.896 0
1373.75 535.571 0
1188.95 495.439 0
913.134 447.805 0
622.719 616.829 128.712
572.152 803.854 382.704
592.372 511.573 341.565
983.433 632.963 0
1405.42 597.579 0
1193.56 566.89 0
870.878 517.719 0
638.085 770.104 87.9546
569.707 816.585 375.255
585.073 534.622 290.35
897.768 716.707 0
1384.87 660.622 0
1191.26 571.5 0
836.305 593.781 0
669.585 870.75 67.0679
566.282 814.667 364.763
600.018 689.202 252.787
745.262 848.854 0
1383.4 641.804 0
1188.18 573.805 0
790.976 680.598 0
690.713 885.732 240.524
565.866 815.433 363.013
630.817 740.151 203.19
768.695 875.696 0
1174.35 674.835 0
1389.09 665.232 0
750.256 777.402 0
678.037 889.957 83.6598
565.482 816.201 366.116
628.482 745.518 129.289
764.341 866.209 0
1165.13 666.384 0
1384.48 659.854 0
722.598 875.744 0
697.244 885.732 338.199
655.756 817.738 355.156
623.104 669.073 74.0546
741.929 859.523 0
1158.99 661.006 0
1385.25 660.622 0
732.585 901.098 0

1158.99 683.287 326.456
1338.04 758.734 400.232
570.951 661.792 284.112
1306.12 727.079 0
1408.3 598.39 0
1234.66 500.817 0
1279.61 749.744 0
1074.86 653.323 384.274
575.469 652.939 298.78
582.384 619.134 286.504
1223.28 627.335 0
1372.01 613.418 0
1187.8 579.567 0
1324.94 804.293 0
948.476 580.335 386.114
1297.76 667.689 54.4243
595.006 528.473 275.223
1244.27 635.652 0
1252.34 576.11 0
1328.01 535.39 0
1349.52 864.988 0
882.402 532.317 369.638
1266.37 658.449 376.89
624.64 385.573 287.784
1237.74 612.219 0
1250.03 560.744 0
1323.4 547.299 0
1231.21 771.256 0
997.646 367.902 291.012
1084.04 547.449 60.4805
620.415 339.476 191.31
1116.35 512.726 0
1257.33 495.055 0
1348.59 424.73 0
1119.8 560.744 0
990.348 238.061 242.969
980.887 424.311 67.6441
587.378 339.86 357.691
1253.49 466.244 0
1387.55 439.354 0
1077.93 355.994 0
1125.18 430.902 0
962.305 226.921 181.005
954.533 356.523 53.1076
610.811 331.793 195.068
1361.82 419.762 0
1230.05 357.53 0
1170.51 248.817 0
1132.1 307.207 0
964.994 215.012 99.7903
753.713 418.994 324.246
606.969 369.055 219.289
1386.02 442.811 0
1218.91 378.659 0
1136.71 303.366 0
1065.26 251.122 0

888.165 474.695 149
1045.66 693.659 99.2933
586.61 611.451 382.166
1138.53 675.419 0
1394.8 648.274 0
1044.32 639.878 0
1139.78 645.256 0
854.744 515.415 82.7468
1044.9 693.659 102.095
586.61 611.451 382.932
1093.68 731.689 0
1394.85 647.561 0
1044.92 639.926 0
1112.12 667.537 0
900.841 549.988 388.443
1045.28 690.585 104.744
586.61 611.451 380.323
1105.21 750.896 0
1394.85 647.561 0
1046.57 635.884 0
1085.23 682.902 0
910.829 554.598 364.236
1021.85 736.299 103.299
586.61 611.451 382.932
1116.09 754.296 0
1394.47 647.561 0
1089.84 589.939 0
1099.83 695.963 0
912.366 553.829 349.509
1018.38 692.837 47.3353
586.61 611.451 381.615
1211.91 767.536 0
990.732 647.945 0
1380.21 646.295 0
1139.78 706.719 0
1044.51 569.195 47.9786
1161.43 838.729 386.681
586.61 611.451 382.166
1339.61 684.527 0
943.866 677.14 0
1364.15 652.058 0
1181.27 720.549 0
1124.8 679.445 405
1309.31 799.355 321.03
587.762 611.835 343.571
1313.41 729 0
1380.64 652.939 0
1042.21 613.372 0
1229.67 730.537 0

1230.44 223.848 297.175
1083.17 369.501 203.852
625.024 385.189 133.603
1322.9 619.367 0
1137.48 609.146 0
1371.8 452.799 0
1341.07 230.378 0
1212 324.11 264.806
971.904 505.028 75.9301
625.024 384.805 135
1008.02 584.945 0
1100.21 505.043 0
1372.19 453.183 0
1294.21 240.366 0
1212 303.75 250.303
1025.29 604.466 402.09
624.64 386.341 135
959.299 632.279 0
1374.11 452.415 0
1002.26 281.47 0
1240.43 249.585 0
1141.32 258.421 222.678
1026.26 607.484 328.601
624.64 384.805 133.493
962.503 618.78 0
1374.11 452.799 0
1006.48 218.854 0
1188.18 258.805 0
1089.84 224.232 314.424
1034.52 616.061 54.4623
636.933 366.366 112.932
1002.68 583.816 0
1374.11 452.03 0
1006.1 219.238 0
1185.88 233.451 0
993.037 395.945 301.443
1041.54 620.832 84.4941
630.787 388.646 111.038
1028.38 563.433 0
1341.8 433.53 0
1011.86 222.311 0
1182.8 242.671 0
960 478.537 279.293
617.726 473.927 123.158
607.354 503.89 111.615
1057.96 589.555 0
1094.54 469.488 0
1334.93 422.835 0
1172.05 357.146 0
947.323 460.866 233.351
1047.2 680.982 100.886
586.61 596.085 91.0051
1121.35 632.509 0
1047.97 626.817 0
1396.77 596.854 0
1156.68 490.829 0

1275 462.402 291.202
986.085 580.582 398.197
579.311 420.915 120.964
1318.02 489.293 0
1368.35 452.03 0
1123.65 218.085 0
1020.7 310.28 0
1303.81 410.543 312.187
1076.4 632.963 381.448
568.996 457.473 100.187
1252.97 450.378 0
1366.04 446.652 0
1243.5 273.787 0
1144.39 361.756 0
1347.22 407.47 405
1110.2 589.555 297.474
589.567 511.341 64.0454
1285.76 464.323 0
1375.11 458.965 0
1251.31 290.177 0
1255.79 398.634 0
1359.51 319.884 109.05
1155.86 498.521 316.147
592.756 442.811 110.323
1328.4 496.207 0
1366.04 455.488 0
1038.37 256.884 0
1324.17 410.927 0
1374.11 287.232 270
1168.21 489.293 323.973
613.884 399.402 130.711
1301.01 528.555 0
1373.73 448.957 0
994.957 256.116 0
1371.04 323.341 0
1371.01 224.179 338.804
1177.81 464.323 291.975
625.024 384.421 132.217
1320.81 517.243 0
1371.8 448.957 0
997.646 330.256 0
1367.2 285.695 0
1286.14 221.927 344.937
1180.49 356.093 267.877
624.64 384.421 135
1338 490.061 0
1072.17 465.091 0
1374.88 446.268 0
1368.73 259.573 0
1232.74 228.457 325.215
1187.8 450.878 270.065
625.024 385.189 133.603
1229.67 648.713 0
1430.15 596.049 0
1373.34 452.415 0
1372.57 231.146 0

648.841 413.616 352.999
605.148 256.381 300.773
601.591 201.951 202.932
1385.63 508.884 0
1385.25 450.494 0
683.415 216.933 0
645.768 237.293 0
626.177 393.256 359.029
601.469 247.935 266.86
585.073 201.951 180
1424.82 513.11 0
1381.34 447.421 0
665.36 216.549 0
626.561 197.341 0
716.835 322.573 317.936
618.11 235.372 194.744
571.593 217.795 104.287
1398.7 521.945 0
1369.12 448.957 0
663.439 223.848 0
605.817 193.5 0
648.073 347.159 358.035
756.018 231.146 180
599.194 334.482 91.0969
1306.88 476.232 0
1380.26 450.494 0
795.585 215.396 0
675.732 202.72 0
827.085 417.073 385.137
690.329 261.494 176.055
600.055 388.646 129.289
1344.15 556.134 0
1380.26 450.494 0
822.86 208.482 0
744.11 201.951 0
1062.57 469.317 374.036
708.768 218.47 51.3402
589.864 403.499 127.52
1323.4 517.719 0
1379.87 450.878 0
885.091 340.628 0
825.549 222.695 0
1223.91 483.146 354.987
832.848 432.823 71.565
581.616 415.921 124.824
1299.2 498.512 0
1379.49 450.878 0
953.596 310.321 0
910.829 261.878 0

661.518 607.226 368.427
606.364 259.793 194.667
655.532 561.076 97.2836
1374.88 639.11 0
1207.01 574.957 0
621.567 449.341 0
528.219 619.134 0
659.598 606.457 356.055
588.146 268.793 383.682
656.043 562.364 88.5402
1379.1 657.549 0
1195.48 617.982 0
637.317 415.921 0
541.281 644.488 0
638.469 601.079 356.055
580.848 272.25 184.844
626.177 432.439 88.3612
1366.81 572.268 0
1146.93 539.933 0
671.122 386.83 0
563.561 611.451 0
711.073 493.518 289.094
558.951 277.244 362.911
616.446 336.198 75.158
1142.85 546.379 0
1371.8 454.335 0
712.61 284.543 0
596.598 536.927 0
711.457 407.085 252.897
558.951 277.244 364.596
622.335 331.024 359.681
1140.61 502.539 0
1383.68 447.438 0
681.494 332.561 0
635.012 454.72 0
721.061 383.652 283.782
558.951 277.244 364.686
639.488 334.275 296.209
1384.82 446.879 0
1157.68 404.335 0
709.537 320.652 0
682.646 360.988 0
736.427 352.152 300.984
558.183 277.244 366.861
638.982 396.163 265.606
1180.88 544.994 0
1384.87 447.421 0
739.116 216.933 0
698.781 350.232 0
729.128 361.756 282.529
597.75 270.329 360.939
643.896 263.03 270.917
1379.49 566.89 0
1384.48 447.421 0
724.134 213.091 0
695.707 327.951 0

1042.98 552.293 368.427
745.032 467.758 86.1523
577.39 558.567 274.138
1102.13 565.354 0
1215.07 546.146 0
1369.88 539.616 0
1072.94 539.232 0
953.085 564.585 355.764
797.45 557.768 401.496
577.39 558.895 272.564
1213.43 587.343 0
1120.67 561.128 0
1369.88 528.86 0
983.817 563.817 0
936.183 565.354 358.919
800.963 559.207 366.777
577.774 558.871 274.579
1213.54 587.634 0
1121.73 560.744 0
1370.67 528.997 0
974.598 564.585 0
935.799 565.354 358.877
800.579 559.591 367.008
577.774 558.871 274.534
1213.15 587.634 0
1120.57 561.512 0
1370.27 528.86 0
974.598 564.585 0
936.183 565.354 357.797
800.579 559.207 366.766
577.774 558.823 273.691
1213.54 587.634 0
1120.96 561.128 0
1370.65 529.244 0
975.366 564.585 0
936.183 565.354 360
800.579 559.207 364.844
577.774 558.871 274.184
1213.67 588.146 0
1121.73 560.744 0
1370.49 529.468 0
974.598 564.585 0
936.183 565.354 360
800.579 559.207 364.844
577.774 558.871 274.835
1213.27 587.873 0
1121.18 561.128 0
1370.22 529.326 0
975.366 564.585 0
935.799 565.354 357.797
800.579 559.207 364.844
577.774 558.871 274.455
1213.9 587.791 0
1120.96 561.128 0
1370.27 528.476 0
974.598 564.585 0

1234.66 226.152 116.565
1121.17 361.088 179.242
592.824 346.686 253.062
1433.27 476.232 0
1373.34 457.024 0
1182.42 230.378 0
1378.72 338.707 0
1236.2 218.47 96.1518
984.585 510.805 138.991
592.495 346.541 248.224
1395.24 474.311 0
1340.01 447.999 0
1187.8 232.299 0
1365.66 228.073 0
1189.72 291.073 133.636
893.733 544.856 192.777
603.996 456.68 295.543
1389.48 471.238 0
1070.25 417.457 0
1184.86 420.087 0
1212 272.634 0
1039.9 435.128 125.074
911.598 548.451 199.464
596.982 474.695 295.824
1072.17 570.348 0
1355.67 467.396 0
1187.41 405.165 0
1122.11 364.829 0
1026.84 541.152 63.6328
864.744 506.986 230.24
590.067 491.598 297.485
1085.62 547.683 0
1196.25 454.72 0
1382.56 437.049 0
1113.66 404.012 0
1042.21 553.061 377.745
777.487 386.361 239.835
591.219 488.909 297.474
1099.45 561.128 0
1200.09 508.884 0
1337.62 463.77 0
1099.83 447.037 0
1046.05 553.829 368.746
759.091 364.829 160.942
578.723 535.309 280.862
1100.98 563.433 0
1363.35 517.719 0
1202.78 501.585 0
1086 489.293 0

1351.83 261.11 86.8779
1144.77 414.384 209.249
608.506 395.945 387.031
1422.13 480.457 0
1333.39 354.073 0
1390.76 344.045 0
1386.4 238.061 0
1375.65 242.287 102.529
1213.94 426.903 182.26
629.634 399.018 369.293
1422.9 480.841 0
1383.33 342.549 0
1284.6 317.195 0
1367.2 211.939 0
1352.21 296.067 403.531
1051.04 399.402 196.074
631.555 399.402 331.991
1422.22 480.903 0
1383.33 334.866 0
1178.58 239.598 0
1381.02 246.512 0
1339.92 304.134 162.255
989.963 394.409 143.326
636.812 382.884 271.988
1422.55 480.798 0
1393.32 332.561 0
1184.34 232.299 0
1351.06 305.671 0
1250.41 253.811 227.394
1051.81 455.488 61.8214
590.067 366.75 189.638
1422.95 480.935 0
1393.48 331.26 0
1183.96 232.299 0
1308.04 283.39 0
1233.51 236.909 203.749
1214.22 480.516 325.917
570.318 380.705 241.636
1422.9 480.841 0
1320.33 326.799 0
1175.51 238.445 0
1251.18 264.183 0
1224.68 233.451 151.991
1240.81 445.907 316.275
607.55 509.628 283.034
1423.29 480.756 0
1319.95 432.439 0
1183.19 254.963 0
1295.74 328.72 0
1234.66 227.305 118.443
1226.98 447.805 244.359
609.659 513.11 287.103
1433.65 476.232 0
1339.13 464.637 0
1182.8 230.762 0
1350.29 396.329 0

1338.38 327.567 209.876
1202.4 485.067 352.999
616.385 417.109 96.1002
1422.13 480.457 0
1384.87 348.695 0
1212 247.28 0
1384.87 314.122 0
1338.38 327.567 209.876
1202.91 484.854 355.899
615.969 417.023 97.0359
1421.98 480.532 0
1384.87 348.695 0
1168.98 229.61 0
1384.87 313.354 0
1338.38 327.183 211.4
1202.4 485.067 353.884
616.204 417.458 96.3034
1421.78 480.45 0
1384.87 347.927 0
1187.41 257.268 0
1384.87 314.89 0
1338.38 327.567 211.329
1202.4 485.067 353.884
615.928 417.37 97.8758
1422.33 480.587 0
1384.87 348.695 0
1215.46 238.445 0
1384.1 313.354 0
1338.38 327.567 211.329
1202.5 483.15 299.401
616.204 417.458 97.3144
1422.13 480.841 0
1384.87 348.311 0
1193.56 254.195 0
1384.87 313.354 0
1338.38 327.567 211.329
1193.18 459.329 247.068
615.919 415.113 100.121
1422.13 480.457 0
1384.87 348.695 0
1180.81 232.935 0
1384.1 313.354 0
1344.53 278.78 274.844
1192.79 459.329 232.088
617.456 417.621 77.1323
1422.51 480.841 0
1383.33 346.39 0
1292.67 240.75 0
1387.17 314.122 0
1347.99 258.805 389.249
1155.15 426.677 225
608.122 394.793 46.3972
1422.08 480.301 0
1382.18 345.622 0
1261.17 230.762 0
1384.1 290.305 0

1338.38 327.567 208.443
1202.4 485.067 354.987
615.92 417.44 98.0441
1422.51 480.841 0
1384.48 348.695 0
1179.35 241.134 0
1384.87 314.122 0
1338.38 327.567 211.329
1203.19 484.476 355.786
615.92 417.44 98.0441
1422.23 480.872 0
1384.87 348.695 0
1180.5 233.067 0
1384.87 314.122 0
1338.38 327.567 210.37
1203.19 484.476 355.786
615.969 417.023 97.8415
1422.06 480.658 0
1384.87 348.311 0
1152.46 218.47 0
1384.87 314.122 0
1338.38 327.567 212.8
1202.78 484.683 355.156
615.92 417.44 96.2023
1421.72 480.524 0
1384.87 348.695 0
1176.27 238.445 0
1384.87 314.122 0
1338.38 327.567 209.876
1203.19 484.476 355.786
615.92 417.44 98.0441
1422.51 481.226 0
1384.87 348.695 0
1135.17 218.47 0
1384.87 313.354 0
1338.38 327.567 211.329
1202.4 485.067 354.987
615.92 417.44 99.1052
1422.13 480.841 0
1384.87 348.695 0
1173.2 230.378 0
1384.87 314.122 0
1338.38 327.567 211.329
1202.4 485.067 354.987
616.26 417.047 94.3004
1422.13 480.841 0
1384.87 348.695 0
1195.27 258.545 0
1384.87 313.354 0

1338.38 327.567 209.876
1202.4 485.067 356.055
615.969 417.023 97.0359
1422.51 481.61 0
1384.48 347.927 0
1185.14 212.483 0
1384.87 314.122 0
1338.38 327.567 211.329
1203.19 484.476 355.786
615.92 417.44 98.0441
1421.68 480.612 0
1384.48 348.695 0
1221.22 230.762 0
1384.87 314.122 0
1338.38 327.567 209.876
1202.4 485.067 354.987
615.962 417.083 97.1829
1422.51 480.841 0
1384.87 347.927 0
1179.73 215.396 0
1384.87 312.585 0
1338.38 327.567 209.876
1202.4 485.067 354.987
615.969 417.023 97.0359
1422.13 480.841 0
1384.87 348.311 0
1216.99 229.994 0
1384.87 313.354 0
1338.38 327.567 211.329
1203.19 484.476 355.786
615.92 417.44 97.0117
1422.13 480.841 0
1384.87 348.695 0
1124.03 262.262 0
1384.87 314.122 0
1338.38 327.567 209.876
1202.4 485.067 354.094
615.969 417.023 95.9993
1422.51 480.841 0
1384.87 348.311 0
1129.02 245.744 0
1384.87 314.122 0
1338.38 327.567 208.855
1203.15 484.169 354.982
616.391 417.058 95.7884
1422.51 480.841 0
1384.87 348.695 0
1174.74 246.896 0
1384.87 313.354 0
1338.38 327.567 208.443
1202.4 485.067 353.884
615.969 417.023 97.0359
1421.74 480.457 0
1384.87 348.311 0
1177.81 234.22 0
1384.87 314.122 0

1371.42 273.018 88.9584
1149.39 426.534 367.772
580.463 384.037 122.32
1375.65 468.165 0
1036.45 395.945 0
1345.94 226.733 0
1371.04 219.622 0
1370.65 262.646 100.125
1078.7 397.866 60.0184
580.578 384.381 99.0605
1375.78 467.803 0
1049.89 350.616 0
1321.53 225.051 0
1346.45 215.012 0
1379.1 245.36 96.1458
1077.46 433.367 120.757
576.663 401.201 113.4
1375.26 468.165 0
1085.23 390.567 0
1253.87 281.854 0
1331.85 219.622 0
1372.96 268.793 238.481
961.152 463.555 187.595
611.963 416.305 194.534
1375.17 468.338 0
1161.68 367.518 0
1229.29 339.476 0
1372.57 228.073 0
1293.44 332.561 154.359
940.088 471.616 94.3642
615.805 416.305 129.289
1375.26 469.317 0
1202.01 403.628 0
1089.84 345.622 0
1351.83 301.061 0
1153.99 334.098 173.884
1054.19 591.893 383.877
616.349 417.406 96.8204
1375.24 469.626 0
1257.71 346.774 0
919.665 267.256 0
1185.88 345.622 0
1077.93 339.476 181.612
1106.85 602.518 366.312
616.349 417.406 96.8204
1377.11 476.232 0
1296.9 338.323 0
920.049 258.805 0
1185.11 345.622 0
1076.78 339.86 186.116
1106.79 602.478 366.083
616.342 417.467 95.9781
1376.8 475.848 0
1296.9 337.939 0
920.433 258.421 0
1185.11 345.622 0

1310.79 425.858 320.593
1184.34 609.146 296.565
597.229 499.866 64.2268
1384.87 510.805 0
1164.75 427.829 0
1227.75 222.695 0
1349.52 406.317 0
1344.15 405.165 133.493
1174.74 569.963 251.565
600.688 505.409 61.0149
1387.94 496.976 0
1167.44 488.524 0
1222.37 243.439 0
1371.04 445.5 0
1355.29 424.756 127.304
1208.93 582.64 201.615
600.733 504.933 45.1569
1385.25 488.524 0
1258.19 330.989 0
1215.46 240.366 0
1382.56 440.89 0
1317.64 332.945 91.0416
584.921 449.703 108.735
586.61 432.055 104.036
1370.65 473.543 0
1392.16 267.256 0
1230.82 243.055 0
1355.67 404.012 0
1319.18 304.902 224.315
1202.4 517.719 102.426
630.018 367.518 145.437
1376.03 467.396 0
1371.42 295.683 0
1233.76 268.393 0
1375.65 383.268 0
1348.37 300.677 257.471
1171.65 422.893 48.0808
588.915 376.354 357.089
1376.03 467.78 0
1241.62 317.126 0
1385.25 268.409 0
1386.4 311.817 0
1362.59 285.695 181.081
1180.12 426.677 383.364
582.384 380.579 200.225
1376.03 467.78 0
1374.88 230.378 0
1199.07 228.29 0
1389.48 241.902 0

1283.84 797.378 183.013
1030.68 733.61 105.986
583.537 746.671 141.953
1367.58 710.561 0
1318.63 687.787 0
1184.73 683.671 0
1291.13 838.866 0
1111.35 711.329 248.199
1073.32 601.079 110.41
583.921 745.902 140.711
1368.35 717.476 0
1303.43 689.049 0
1269.62 662.159 0
1250.41 849.622 0
1125.57 612.604 313.452
1080.24 583.409 111.038
586.61 742.061 136.507
1359.13 695.195 0
1261.94 699.421 0
1273.08 421.299 0
1239.66 896.488 0
1205.85 543.457 333.69
1113.58 577.262 92.1864
626.945 609.915 90.5513
1250.03 670.226 0
1347.99 521.177 0
1214.3 249.585 0
1237.35 712.098 0
1313.8 411.695 280.923
1120.96 588.787 124.216
593.163 495.298 74.1521
1202.01 490.445 0
1404.46 487.756 0
1220.45 236.14 0
1283.45 548.451 0
1326.86 359.451 213.69
1135.26 568.425 134.681
590.802 487.318 72.5935
1386.99 459.815 0
1191.13 389.415 0
1211.62 237.677 0
1338 433.976 0
1320.33 394.024 276.957
1135.94 568.811 62.1027
590.756 487.096 74.2465
1381.41 475.079 0
1190.87 393.64 0
1222.37 235.756 0
1355.67 387.11 0
1321.48 409.774 122.8
1185.88 593.012 370.923
591.935 488.967 70.7549
1395.06 464.145 0
1183.19 348.695 0
1207.39 233.067 0
1379.49 384.805 0

1302.27 876.896 154.44
1158.6 606.841 260.558
574.242 668.852 400.548
1174.07 887.339 0
1360.28 757.427 0
1365.66 674.835 0
1364.89 801.219 0
1311.88 883.811 250.115
1163.98 630.274 261.027
572.396 673.299 201.998
1326.48 796.994 0
1240.81 778.171 0
1370.77 674.864 0
1367.2 791.232 0
1319.56 889.957 392.616
1175.89 699.421 268.958
615.937 700.605 198.124
1218.53 770.104 0
1353.83 769.812 0
1370.65 674.067 0
1367.96 795.841 0
1323.02 890.726 152.447
1175.89 699.421 262.747
616.189 700.189 196.504
1166.95 748.371 0
1318.41 738.604 0
1370.9 674.263 0
1354.9 881.89 0
1322.25 863.067 59.0362
1165.9 631.427 254.932
616.957 700.189 197.176
1150.54 739.372 0
1369.88 696.732 0
1272.31 693.274 0
1355.67 858.841 0
1323.4 796.994 111.801
1178.57 633.395 196.478
616.573 701.341 124.563
1369.5 707.725 0
1321.1 687.512 0
1211.62 685.207 0
1357.21 843.476 0
1330.32 811.976 388.553
1078.7 649.098 175.156
597.366 730.152 130.365
1369.12 707.104 0
1321.48 687.128 0
1201.24 606.841 0
1366.43 830.415 0
1343.76 786.238 259.592
1019.54 664.848 117.897
583.921 745.902 142.496
1369.88 710.177 0
1294.21 691.354 0
1321.48 687.512 0
1347.22 833.488 0

910.445 417.073 274.954
1091.64 256.318 119.653
593.197 351.7 252.986
1341.46 512.341 0
1382.18 382.5 0
1226.21 341.78 0
1174.35 241.134 0
1005.33 640.262 228.599
1094.84 237.293 89.0608
575.439 488.142 269.045
1355.54 678.092 0
1369.5 515.799 0
1179.28 500.673 0
1131.33 298.756 0
1204.32 655.628 171.87
1045.01 346.722 130.273
603.69 596.659 251.748
1250.8 853.848 0
1382.18 650.634 0
1187.03 518.488 0
1122.88 374.817 0
1336.46 682.902 217.129
1125.57 416.689 235.539
637.728 645.916 202.282
1205.47 896.872 0
1408.3 613.372 0
1202.01 557.671 0
1238.89 529.244 0
1365.66 720.549 266.522
1155.91 557.671 273.626
627.329 654.476 129.289
1196.25 849.238 0
1255.09 680.108 0
1372.19 644.104 0
1357.21 685.207 0
1348.76 821.963 292.011
1163.98 632.963 258.69
571.244 666.768 97.2532
1265.78 864.988 0
1333.77 770.872 0
1359.51 655.244 0
1367.2 728.232 0
1349.14 817.738 194.546
1163.6 632.579 259.077
573.747 668.46 400.383
1228.13 863.451 0
1320.71 756.274 0
1318.79 667.537 0
1369.5 819.659 0
1281.15 836.561 152.447
1164.75 634.5 260.362
573.747 668.46 400.54
1215.46 887.268 0
1355.47 745.607 0
1332.86 685.289 0
1364.12 812.744 0

1157.84 457.024 349.312
1370.27 264.951 272.911
614.268 433.976 305.716
1378.72 453.567 0
1383.33 351.384 0
1352.6 312.585 0
1389.48 328.72 0
1140.16 459.329 352.95
1338.38 223.848 200.898
613.131 433.654 271.262
1379.1 453.567 0
1382.18 353.305 0
1371.04 262.262 0
1387.17 293.378 0
1223.14 427.829 356.456
1337.26 223.396 201.63
613.477 432.849 271.683
1379.02 454.358 0
1374.88 319.5 0
1375.26 247.28 0
1387.17 288.768 0
1199.71 408.238 384.444
1316.46 220.977 176.055
605.959 386.009 262.016
1379.1 453.951 0
1371.32 330.409 0
1367.58 247.28 0
1385.63 278.78 0
1042.59 355.994 398.991
1215.15 218.582 175.998
592.429 349.395 251.868
1379.08 453.965 0
1381.41 311.433 0
1304.96 242.671 0
1367.96 225.768 0
1031.45 387.494 94.3987
1141.6 217.968 172.364
592.429 349.395 251.271
1379.66 454.46 0
1135.17 323.726 0
1244.27 219.622 0
1286.52 214.244 0
915.439 352.537 263.297
1129.02 215.012 92.9108
592.429 349.395 251.868
1377.95 432.439 0
1158.99 339.86 0
1186.52 269.922 0
1206.62 220.39 0

1194.33 498.896 96.582
1376.77 277.418 301.565
613.116 437.049 148.325
1379.03 454.385 0
1379.49 354.841 0
1195.1 249.585 0
1390.24 342.549 0
1194.33 498.896 97.5238
1370.28 278.757 198.496
612.732 437.817 149.036
1379.49 453.567 0
1379.49 354.457 0
1196.25 227.689 0
1390.24 342.549 0
1193.95 498.896 98.4367
1361.41 292.083 358.685
612.732 437.817 149.036
1379.25 454.174 0
1379.1 354.841 0
1223.52 256.116 0
1390.24 342.549 0
1194.71 498.896 96.3402
1353.68 307.586 142.961
613.116 437.049 148.325
1379.1 453.567 0
1378.72 354.841 0
1196.25 214.628 0
1390.24 342.549 0
1194.71 498.896 95.3893
1369.65 303.166 315.497
613.116 437.049 148.325
1379.49 453.567 0
1379.49 355.61 0
1210.08 243.823 0
1391.78 342.549 0
1195.87 501.97 66.2505
1385.63 294.481 184.663
613.116 437.433 147.995
1379.34 454.209 0
1379.26 355.161 0
1197.02 231.146 0
1391.78 342.549 0
1175.51 462.018 398.83
1349.66 304.408 334.611
615.037 435.006 60.2065
1379.46 453.663 0
1368.05 360.857 0
1193.95 246.512 0
1385.63 344.854 0
1167.82 459.329 372.529
1353.39 305.069 364.719
613.884 434.744 365.906
1379.49 453.567 0
1380.26 366.366 0
1218.15 241.902 0
1386.4 320.268 0

1194.33 496.976 131.906
1324.17 360.22 139.072
612.732 437.817 149.381
1379.1 453.951 0
1381.79 349.079 0
1230.82 233.451 0
1390.24 342.549 0
1194.33 497.36 128.83
1323.81 361.327 138.72
613.116 437.049 148.325
1379.1 453.951 0
1381.79 349.079 0
1216.61 237.677 0
1390.24 342.549 0
1194.33 497.36 130.486
1323.82 361.338 138.792
613.116 437.049 148.671
1379.66 453.608 0
1380.64 349.463 0
1192.79 233.067 0
1390.24 342.549 0
1194.33 497.36 128.678
1323.79 360.604 136.358
612.732 437.817 150.376
1379.1 454.335 0
1381.02 349.079 0
1220.07 231.53 0
1390.24 342.549 0
1194.33 497.36 128.83
1325.54 361.76 148.934
613.116 437.049 149.036
1378.72 453.567 0
1382.38 351.086 0
1210.85 250.354 0
1390.24 342.549 0
1194.71 498.896 95.1944
1293.05 303.366 264.289
612.732 437.817 150.376
1379.1 453.567 0
1379.49 354.841 0
1211.23 248.049 0
1390.24 342.549 0
1194.33 498.512 97.8153
1329.55 279.165 266.987
613.116 437.049 148.325
1378.81 454.674 0
1379.1 354.841 0
1177.81 240.366 0
1390.24 342.549 0
1194.33 498.512 96.753
1345.3 294.915 131.565
612.732 437.817 149.036
1379.1 453.951 0
1379.49 354.841 0
1202.78 224.616 0
1390.24 342.549 0

708.384 520.409 259.114
947.399 552.407 177.901
592.756 553.829 95.1944
1242.35 586.866 0
1374.71 555.709 0
1016.85 558.823 0
979.207 556.902 0
722.598 566.89 197.021
843.604 570.348 180.971
592.756 554.213 96.1155
1121.34 559.976 0
1373.9 548.917 0
1249.65 547.683 0
977.671 563.817 0
721.829 567.659 178.919
837.841 570.348 185.275
592.756 554.213 95.9061
1120.96 559.591 0
1374.11 549.043 0
1249.65 547.683 0
977.671 563.817 0
722.213 567.274 180
837.841 570.348 185.302
592.756 554.213 96.1155
1120.57 559.976 0
1373.73 548.451 0
1250.41 548.835 0
977.671 563.817 0
722.213 566.89 178.877
838.226 570.348 184.796
592.756 554.213 96.1155
1121.34 559.976 0
1374.49 549.219 0
1248.88 548.067 0
977.671 563.817 0
721.829 567.659 180
838.226 570.348 183.945
592.756 554.213 96.1155
1120.96 559.207 0
1373.73 548.451 0
1249.65 547.683 0
977.671 563.817 0
722.213 566.89 181.123
837.459 571.02 185.775
592.756 553.829 95.0131
1120.57 559.207 0
1374.12 549.604 0
1250.41 549.604 0
977.671 563.817 0

635.781 712.866 110.323
903.915 570.732 375.945
611.963 452.415 77.9052
1389.48 523.866 0
1197.02 516.183 0
932.726 242.287 0
976.134 436.28 0
684.951 697.116 150.945
773.305 592.244 329.71
622.712 609.914 101.33
1366.04 667.537 0
1209.7 570.732 0
855.512 224.616 0
817.098 563.049 0
659.598 683.287 209.476
703.774 704.799 297.474
620.031 621.055 106.504
1362.97 674.067 0
1209.32 585.577 0
872.031 209.25 0
729.512 659.854 0
605.817 690.969 158.784
649.994 727.079 352.648
628.866 634.884 162.181
1348.76 649.482 0
1208.93 582.791 0
892.774 223.079 0
660.366 681.366 0
585.073 685.591 262.999
661.134 697.884 327.06
622.019 621.424 261.429
1345.68 657.933 0
1210.46 570.348 0
892.88 254.526 0
635.012 672.915 0
666.512 551.524 309.56
839.762 602.232 343.419
599.671 558.055 206.114
1360.31 617.721 0
1208.16 590.323 0
960.941 502.362 0
720.293 635.268 0
736.043 368.287 270.267
918.512 554.598 317.793
593.4 555.842 205.094
1366.81 569.195 0
986.122 566.122 0
1215.07 533.854 0
804.037 604.537 0
716.451 341.78 300.256
926.195 543.073 293.682
592.756 554.598 113.459
974.213 568.043 0
1375.65 557.671 0
1228.9 538.463 0
900.073 578.415 0

1365.27 341.012 248.199
1080.62 567.274 149.381
594.293 437.817 85.156
1403.69 477.768 0
1340.3 442.427 0
1229.67 219.622 0
1125.95 381.732 0
1357.59 350.616 105.068
1107.51 544.994 96.1855
594.293 437.817 83.2924
1402.54 477.384 0
1333.01 414 0
1218.91 234.604 0
1270.39 379.427 0
1377.57 283.39 287.776
1105.21 566.506 394.216
594.978 437.857 67.2623
1416.2 488.867 0
1359.51 411.311 0
1328.4 238.445 0
1360.28 344.085 0
1372.42 274.963 176.645
1231.59 430.902 269.061
592.046 428.31 73.9949
1414.83 488.14 0
1338 461.634 0
1339.15 235.756 0
1373.34 316.427 0
1125.95 303.366 174.987
1033.76 399.402 149.676
588.915 347.543 111.448
1397.93 480.841 0
1264.24 439.354 0
1340.3 231.915 0
1386.4 244.976 0
923.122 436.28 139.319
934.955 543.599 120.697
595.966 395.735 85.8633
1397.93 481.226 0
1172.16 366.838 0
1185.88 274.555 0
1283.45 220.39 0
709.152 579.567 137.862
918.512 588.787 49.0856
602.258 427.292 81.664
1398.31 480.348 0
1191.31 410.982 0
1108.66 231.53 0
1134.4 314.89 0

606.201 228.073 45.2707
714.915 378.274 125.961
643.848 349.848 58.707
610.888 521.254 0
1402.87 477.377 0
1137.09 428.982 0
599.671 194.268 0
583.537 279.549 146.041
645 415.152 166.701
646.921 362.524 86.0548
1125.57 475.848 0
1402.54 477 0
602.744 450.494 0
574.317 209.634 0
597.366 285.695 371.637
731.049 394.409 157.834
647.362 348.375 101.269
1402.54 477.384 0
1129.4 395.796 0
634.244 385.189 0
562.793 261.11 0
834 312.97 369.782
706.546 382.542 181.551
640.006 352.537 130.601
1402.54 477 0
613.884 461.25 0
1129.02 418.226 0
598.134 301.829 0
1081.77 331.409 359.029
594.677 363.293 198.435
568.641 415.048 85.732
1402.92 477.768 0
580.122 469.913 0
1180.12 433.207 0
658.829 337.171 0
1286.52 311.433 371.874
684.951 428.213 202.286
594.293 437.817 85.156
790.591 568.811 0
1402.54 477 0
1337.23 441.659 0
754.098 351.768 0
1369.73 333.202 330.683
928.116 473.159 210.324
594.293 437.817 83.4676
1031.45 504.659 0
1402.54 477.384 0
1283.45 374.049 0
862.427 364.061 0
1355.67 326.03 400.101
1053.73 553.445 213.69
594.293 437.817 83.2338
1402.92 477.384 0
1385.63 392.488 0
1200.48 319.884 0
986.89 374.049 0

1008.4 306.823 213.111
734.122 358.299 393.179
628.282 483.248 59.3553
1207.77 481.994 0
1402.54 477.384 0
1042.21 349.848 0
1140.55 463.171 0
930.037 217.701 207.735
678.421 360.604 330.018
581.17 402.476 90.1436
1402.92 477.384 0
1212 442.811 0
950.396 263.799 0
1049.89 361.756 0
875.104 220.006 136.469
663.255 369.095 241.653
608.122 345.238 155.726
1402.15 477.384 0
1207.01 419.378 0
994.189 230.762 0
943.098 255.732 0
709.921 295.683 181.975
665.364 377.734 257.792
616.957 342.549 168.69
1402.92 477.384 0
1202.78 437.817 0
980.514 227.525 0
935.415 208.866 0
607.738 220.006 218.922
667.503 377.151 249.649
626.945 340.244 173.884
1402.92 477.384 0
1180.61 375.432 0
803.501 368.496 0
871.646 203.488 0
616.167 212.879 83.1503
668.549 376.759 251.665
626.945 340.244 172.747
1402.92 477.384 0
669.585 454.335 0
1164.55 402.404 0
802.5 203.488 0
613.5 204.256 275.013
668.83 377.673 251.935
626.177 341.012 176.055
1142.85 474.695 0
1402.54 477 0
620.031 397.482 0
719.524 199.646 0
582 236.909 285.068
692.634 393.64 190.125
635.012 354.457 139.514
662.728 488.565 0
1402.54 477.384 0
1150.54 389.03 0
635.781 198.11 0

1119.04 574.573 247.62
1311.94 825.659 206.82
598.518 681.75 74.0546
1281.15 894.951 0
1357.59 793.921 0
1370.65 669.457 0
1364.89 824.268 0
1169.74 716.707 266.76
1338.36 835.518 51.9624
599.707 683.656 72.0746
1265.32 857.214 0
1343.29 745.684 0
1372.11 669.958 0
1364.12 778.939 0
1156.3 704.799 257.471
1319.18 793.152 73.4956
600.07 684.049 72.7173
1346.93 733.044 0
1361.05 672.915 0
1288.06 597.087 0
1361.82 821.195 0
1141.7 496.591 275.013
1205.09 794.689 216.119
622.404 744.466 77.0327
1311.49 834.64 0
1363.48 651.249 0
1274.23 383.268 0
1345.68 872.671 0
1156.3 372.896 269.738
1092.53 598.006 257.152
599.867 666.917 88.0031
1305.17 839.458 0
1313.79 693.376 0
1253.49 388.262 0
1293.44 883.427 0
1147.46 353.305 208.009
953.903 488.217 183.764
604.281 586.866 107.784
1232.74 722.085 0
1302.47 692.967 0
1192.79 382.5 0
1235.05 754.354 0
1086.38 314.89 191.725
870.11 531.165 120.964
605.049 584.561 109.093
1206 538.874 0
1365.69 537.301 0
1147.08 371.36 0
1208.93 638.341 0
1039.52 314.89 187.253
837.294 480.103 64.8344
620.031 528.091 105.803
1204.7 484.683 0
1403.3 474.695 0
1096.37 326.415 0
1185.88 558.439 0

852.823 700.189 74.7449
1236.87 848.626 217.708
598.518 681.75 71.565
1026.84 865.756 0
1151.12 745.989 0
1375.65 669.841 0
940.024 855.768 0
854.36 654.091 405
1268.09 886.5 223.531
599.422 682.225 72.2479
1056.8 865.372 0
1186.65 784.701 0
1375.26 669.841 0
1014.55 883.427 0
928.884 726.311 58.6713
1263.86 854.616 98.1301
598.518 681.75 72.2276
1082.74 838.036 0
1339.15 724.774 0
1373.73 669.457 0
1082.16 888.037 0
940.409 705.567 98.7462
1255 863.464 318.983
598.518 681.75 72.2855
1206.24 878.817 0
1329.55 785.854 0
1370.65 669.841 0
1136.71 886.5 0
979.976 646.409 91.0416
1311.71 839.951 357.5
598.518 681.75 70.9179
1253.1 889.189 0
1334.1 774.364 0
1370.35 669.56 0
1195.1 885.732 0
1134.02 754.354 343.496
1350.6 840.754 356.919
599.422 682.225 72.3121
1299.97 841.939 0
1357.21 756.659 0
1370.27 669.457 0
1259.63 889.573 0
1160.91 604.921 230.061
1342.61 838.482 195.945
599.422 682.225 71.6365
1232.44 845.703 0
1359.51 793.152 0
1370.27 669.457 0
1328.01 891.11 0

721.829 758.963 108.435
628.866 801.604 149.381
707.06 703.802 375.601
1271.16 791.232 0
1194.09 753.243 0
1375.26 669.457 0
1104.44 888.805 0
678.037 788.543 160.882
572.781 871.134 155.558
719.14 759.732 68.9625
1356.44 826.573 0
1177.43 720.165 0
1375.26 669.841 0
953.085 887.268 0
634.244 808.518 128.66
564.713 869.949 184.567
697.628 775.482 158.962
1294.98 749.36 0
1375.65 669.841 0
1146.7 607.994 0
777.146 808.134 0
629.25 861.915 130.365
566.25 869.982 180.971
610.427 700.573 260.707
1066.02 762.037 0
1375.26 670.226 0
1148.62 626.049 0
652.683 725.927 0
723.75 863.067 165.964
685.719 899.945 178.206
603.827 672.195 268.734
1021.08 872.671 0
1375.26 669.841 0
1147.08 624.128 0
612.732 752.817 0
838.61 784.701 148.328
813.64 828.494 144.696
611.963 675.988 310.711
1043.74 858.457 0
1375.26 670.226 0
1144.31 608.899 0
591.988 779.707 0
908.14 741.293 141.52
833.546 822.22 193.631
594.677 684.439 151.144
1048.35 752.049 0
1155.15 715.171 0
1375.65 669.841 0
804.037 808.134 0
890.469 764.341 71.565
1072.26 819.706 180.584
599.435 682.97 76.796
1106.5 748.08 0
1128.26 709.409 0
1375.26 669.841 0
873.951 832.719 0

1256.95 225.768 121.669
988.955 554.902 279.562
584.299 361.563 238.824
1165.13 513.11 0
1236.97 482.378 0
1383.71 475.848 0
1381.79 324.11 0
1251.57 233.835 118.856
1001.05 561.93 243.269
578.951 372.91 246.304
1120.96 654.86 0
1230.05 570.348 0
1392.55 499.665 0
1316.49 217.317 0
1180.88 416.689 98.9726
931.86 356.616 240.302
594.677 521.177 305.311
1152.46 608.378 0
1215.56 558.757 0
1384.48 507.348 0
1198.94 383.268 0
1089.07 551.909 142.306
758.707 360.22 144.039
577.774 543.073 320.856
1369.88 563.433 0
1152.4 551.455 0
1216.23 536.543 0
1114.43 535.39 0
956.543 550.372 190.125
718.034 514.994 87.2526
568.555 551.909 317.936
1372.96 573.805 0
1223.14 565.738 0
1120.57 549.604 0
989.195 555.366 0
845.524 553.445 180
727.591 549.219 369.471
568.232 552.293 271.042
1371.42 567.274 0
1117.88 551.14 0
1223.91 545.206 0
976.134 560.744 0
841.683 553.445 180.891
727.591 548.835 363.814
568.232 552.293 272.067
1371.04 566.89 0
1118.65 550.372 0
1223.52 544.61 0
976.134 560.744 0

1273.94 454.013 369.824
1040.99 595.574 188.607
593.909 504.659 143.531
984.201 616.829 0
1048.12 534.273 0
1361.43 449.341 0
1300.35 435.512 0
1138.24 463.939 336.894
1095.2 585.317 141.718
593.909 504.659 144.689
1051.78 589.914 0
1055.41 532.209 0
1370.65 467.396 0
1181.27 463.939 0
1112.89 478.152 260.91
1123.65 523.866 85.156
569.707 530.781 123.69
1046.82 583.024 0
1066.79 527.323 0
1372.96 474.695 0
1175.89 479.305 0
1110.97 480.841 287.745
1124.03 532.317 82.1467
585.36 550.214 400.81
1046.05 583.024 0
1074.48 520.793 0
1377.95 513.11 0
1169.74 498.512 0
1115.96 482.762 315
1124.8 544.994 89.1428
607.738 560.744 372.848
1057.19 579.183 0
1387.94 550.372 0
1083.31 514.262 0
1167.44 520.793 0
1203.16 478.152 363.013
1137.86 580.719 63.0042
608.122 561.128 373.299
1085.23 530.396 0
1371.26 489.851 0
1144.81 457.604 0
1164.37 545.378 0
1346.84 340.244 277.001
1103.29 541.537 396.87
606.585 561.512 331.488
1389.09 481.61 0
1220.84 447.805 0
1266.55 425.524 0
1251.18 512.341 0
1277.3 229.994 205.639
630.018 499.665 300.5
630.018 452.03 266.186
1169.36 501.585 0
1390.99 500.402 0
1316.14 294.493 0
1363.35 433.976 0

1116.35 272.634 376.058
1058.08 374.032 275.883
628.098 382.5 165.964
1282.68 485.451 0
1369.88 368.671 0
1389.23 316.504 0
1261.94 273.402 0
1241.96 370.207 393.959
1059.02 352.981 265.047
635.781 379.811 165.964
1369.12 428.982 0
1368.73 357.915 0
1393.32 309.128 0
1281.91 261.11 0
1342.99 407.085 397.21
1057.19 314.506 262.405
637.701 379.043 164.197
1206.62 497.36 0
1370.65 359.067 0
1392.16 312.201 0
1300.35 246.512 0
1342.61 403.244 98.427
1107.53 380.149 226.604
637.317 379.043 166.218
1067.95 514.646 0
1372.54 362.834 0
1393.32 312.201 0
1316.49 228.841 0
1341.46 429.366 92.1211
1134.79 525.402 278.673
636.549 379.427 146.592
1073.32 517.719 0
1344.71 384.71 0
1309.96 301.061 0
1329.55 235.756 0
1351.06 463.171 73.6456
1112.89 627.201 265.914
639.42 402.381 85.7959
987.659 633.732 0
1339.57 397.482 0
1276.15 359.451 0
1334.93 298.756 0
1343.76 465.476 353.147
1080.86 625.03 207.993
602.36 496.207 137.936
1002.36 678.625 0
1159.76 540.384 0
1354.03 418.063 0
1334.93 366.366 0

975.366 320.652 142.496
913.32 558.328 60.7629
587.378 407.854 136.507
1294.21 466.628 0
1367.82 378.941 0
1207.65 372.768 0
1070.63 341.012 0
993.421 394.024 214.563
966.146 527.323 320.44
602.36 394.793 147.995
1297.66 468.549 0
1383.71 407.47 0
1390.63 311.433 0
1110.59 328.72 0
1199.32 404.012 163.496
994.189 488.14 250.942
602.36 394.793 147.995
1299.2 461.25 0
1359.9 363.293 0
1393.32 310.28 0
1153.61 316.427 0
1301.51 363.677 151.557
1011.68 527.458 235.453
620.415 385.189 160.907
1277.69 468.165 0
1386.02 384.037 0
1392.55 315.274 0
1199.71 304.902 0
1308.04 353.305 106.39
1069.1 497.36 149.036
620.799 385.189 162.216
1326.09 410.543 0
1373.38 366.24 0
1392.16 314.506 0
1248.11 292.61 0
1336.08 327.951 137.156
1126.25 410.28 66.4565
620.415 385.573 162.824
1325.32 400.171 0
1371.45 362.417 0
1394.47 315.659 0
1298.82 284.927 0
1333.77 336.787 129.144
1079.44 436.699 318.792
628.098 382.116 165.964
1326.09 400.555 0
1374.11 367.518 0
1393.32 316.427 0
1351.83 283.39 0
1248.88 261.11 377.819
1056.8 480.457 283.57
628.866 381.732 165.466
1317.26 428.598 0
1376.8 381.732 0
1393.7 317.195 0
1282.68 274.939 0

935.415 470.854 386.857
717.384 636.043 396.851
583.537 490.061 194.534
1194.71 518.872 0
1352.98 486.988 0
1300.35 295.683 0
958.463 503.122 0
799.811 448.189 351.027
718.756 636.421 362.933
585.841 489.293 146.592
1194.03 517.065 0
1364.51 440.89 0
1297.66 297.22 0
906.22 467.78 0
913.134 389.415 325.176
740.652 598.774 294.444
585.841 489.293 147.2
1192.41 499.28 0
1377.18 404.012 0
1292.67 303.366 0
915.439 448.573 0
953.47 328.335 271.081
750.058 550.912 234.273
585.457 489.293 145.713
1193.3 493.535 0
1374.32 404.486 0
1257.86 307.265 0
932.341 431.671 0
953.854 337.555 187.253
718.372 555.75 169.439
596.982 479.689 142.496
1197.79 525.787 0
1272.31 445.884 0
1338 405.549 0
954.622 416.305 0
881.25 404.012 126.027
818.25 531.165 176.186
648.457 421.299 117.474
1291.52 466.244 0
1167.05 432.055 0
1373.73 405.165 0
978.439 395.561 0
945.402 311.049 133.603
869.726 520.024 102.848
602.744 400.171 377.176
1291.52 466.244 0
1169.74 397.482 0
1358.74 385.573 0
1003.02 373.28 0
1067.56 267.64 193.782
849.75 466.244 46.3322
583.152 406.701 382.166
1293.13 466.489 0
1145.93 455.104 0
1376.03 405.549 0
1032.99 352.537 0

1329.93 856.152 55.7131
1127.12 863.022 208.432
590.451 713.634 216.254
1362.59 881.122 0
1275 832.335 0
1399.08 639.494 0
1364.12 785.854 0
1311.11 866.14 141.34
1137.9 866.508 390.63
605.049 719.781 195.092
1277.59 896.581 0
1193.18 699.805 0
1389.92 649.343 0
1347.99 880.354 0
1251.11 721.439 50.7597
1098.68 826.189 268.025
631.555 719.012 185.389
1231.78 825.805 0
1397.93 644.104 0
1134.79 585.713 0
1251.18 873.439 0
1177.04 605.305 88.8568
959.616 641.799 217.057
663.055 714.402 92.0454
1165.9 659.085 0
1361.05 631.811 0
1154.76 553.445 0
1321.1 893.415 0
1177.43 579.567 82.4762
786.366 616.829 165.802
586.573 647.549 380.803
1311.11 717.091 0
1157.07 619.518 0
1215.07 373.665 0
1330.32 827.341 0
1163.98 488.909 83.8845
740.268 639.494 145.784
593.14 642.951 356.987
1298.43 625.665 0
1193.95 581.872 0
1297.26 297.528 0
1240.43 711.329 0
1156.68 491.213 381.615
740.277 656.954 64.7547
627.37 508.551 230.404
1198.55 558.439 0
1341.84 508.884 0
1300.35 296.067 0
1127.49 590.707 0

973.061 327.567 187.253
861.685 369.494 244.089
617.726 373.28 140.856
1042.23 639.709 0
1162.45 473.543 0
1374.88 457.409 0
868.573 202.72 0
1199.71 311.433 174.806
949.244 394.409 196.607
616.957 373.665 140.856
1229.36 836.254 0
1166.67 468.165 0
1374.88 456.64 0
1005.33 212.707 0
1306.12 249.201 128.869
1106.74 456.256 199.058
619.248 363.243 101.254
1217.48 871.822 0
1157.45 583.793 0
1358.36 466.628 0
1154.38 216.549 0
1325.32 262.646 75.4655
1114.04 453.183 209.624
622.562 327.27 99.7626
1289.21 886.5 0
1107.64 808.217 0
1273.46 452.03 0
1314.95 232.683 0
1268.09 494.287 91.0051
1070.25 389.415 248.552
600.223 483.123 98.0615
1096.37 906.86 0
1168.28 825.061 0
1357.98 576.11 0
1322.63 280.317 0
1318.41 646.409 86.6335
1053.35 348.311 244.29
610.811 553.445 402.207
1169.74 828.11 0
1119.04 823.5 0
1412.91 636.037 0
1321.87 447.805 0
1312.65 701.726 102.995
1127.1 575.341 288.997
617.341 551.909 355.114
1228.5 883.749 0
1198.94 843.091 0
1394.47 648.713 0
1308.04 627.585 0
1299.59 818.122 54.4623
1073.71 780.091 271.975
570.091 614.524 294.274
1363.4 873.873 0
1239.66 811.976 0
1389.86 652.171 0
1363.35 703.646 0

618.76 234.051 230.081
706.848 394.793 165.964
559.952 260.613 278.7
1082.16 462.018 0
1375.26 457.024 0
1208.69 453.13 0
615.037 196.573 0
585.457 216.165 390.964
703.774 387.494 141.492
558.681 292.631 273.319
1213.54 480.841 0
1081.77 461.25 0
1374.11 456.64 0
573.549 208.866 0
621.183 206.561 266.878
620.031 414.384 192.095
575.682 261.055 290.977
1213.92 468.933 0
1081.84 461.615 0
1375.26 457.024 0
570.476 209.634 0
585.073 202.72 188.427
630.787 399.018 193.57
569.707 265.335 153.886
1087.92 462.402 0
1375.65 457.409 0
1217.76 455.104 0
561.256 216.549 0
712.994 253.427 213.111
721.829 358.299 140.315
566.476 346.081 79.4873
1232.2 500.864 0
1170.51 476.616 0
1375.59 457.096 0
569.707 257.268 0
697.628 236.524 231.009
637.029 374.953 202.639
583.537 372.512 210.964
1033.92 584.489 0
1169.74 477.384 0
1374.88 456.64 0
654.219 218.854 0
780.219 281.47 208.301
749.872 350.616 164.578
617.726 373.28 142.125
900.457 500.433 0
1167.05 475.848 0
1375.26 456.64 0
749.488 198.11 0

655.756 227.305 317.936
625.409 372.128 380.772
598.518 215.012 218.047
1208.16 465.86 0
1082.16 461.634 0
1374.88 457.024 0
648.073 192.732 0
655.372 227.689 316.507
736.427 387.11 356.309
598.902 215.012 218.047
1208.66 466.51 0
1082.16 461.25 0
1374.64 457.253 0
648.073 193.5 0
655.756 227.305 319.514
748.193 354.362 305.545
598.902 215.012 219.428
1208.66 466.341 0
1081.77 461.634 0
1374.88 457.409 0
648.073 193.5 0
655.372 227.689 318.013
623.488 387.878 379.63
598.902 215.012 220.711
1208.93 466.35 0
1081.97 461.697 0
1375.13 457.489 0
648.073 193.5 0
655.756 227.305 319.399
672.659 358.299 334.747
599.287 214.628 219.289
1208.66 466.341 0
1081.01 462.018 0
1375.26 457.409 0
648.073 192.732 0
654.604 227.689 319.289
699.289 336.094 320.907
597.75 215.012 222.064
1209.7 466.244 0
1082.16 461.634 0
1375.07 457.228 0
648.841 194.268 0
653.835 227.305 318.22
647.267 389.41 279.495
594.52 198.521 93.9022
1210.08 461.25 0
1082.16 462.018 0
1375.26 457.024 0
641.927 196.573 0
653.451 226.921 320.856
622.719 373.28 214.356
585.487 194.683 275.864
1208.54 473.927 0
1081.77 461.634 0
1375.65 457.024 0
651.915 191.195 0

655.756 227.305 319.514
684.183 395.561 370.561
598.134 215.78 216.469
1208.65 466.064 0
1082.16 462.018 0
1375.21 457.324 0
648.073 192.732 0
655.756 227.305 319.399
740.652 394.024 312.207
598.518 215.78 216.469
1208.16 465.86 0
1082.16 461.25 0
1374.88 457.793 0
648.073 192.732 0
655.756 227.305 319.314
716.067 378.274 339.775
598.518 215.396 217.694
1209.3 466.765 0
1081.77 461.634 0
1374.49 457.409 0
648.073 192.732 0
655.372 227.689 317.923
601.207 358.683 380.898
598.902 215.012 218.047
1207.77 465.86 0
1082.16 461.634 0
1374.88 457.793 0
648.073 193.5 0
655.756 227.305 318.013
727.207 387.878 371.345
598.902 215.012 218.047
1208.66 466.51 0
1081.01 462.018 0
1375.41 457.253 0
648.073 193.5 0
655.756 227.305 318.013
747.337 373.002 286.468
598.902 215.012 217.694
1208.93 467.396 0
1082.16 461.634 0
1375.21 457.324 0
648.073 193.5 0
655.756 227.305 318.013
647.689 387.878 374.264
598.902 215.012 218.211
1208.54 466.491 0
1082.16 462.402 0
1374.49 457.024 0
648.073 193.5 0

836.305 325.646 187.253
628.482 409.39 345.069
564.329 402.091 365.194
1209.7 481.61 0
1374.49 457.409 0
893.159 317.579 0
857.817 391.72 0
770.232 325.262 178.919
722.31 486.642 51.3112
580.079 412.848 174.806
1210.08 494.287 0
1374.11 457.024 0
834.384 341.78 0
801.732 327.951 0
667.281 329.872 178.704
766.39 584.177 91.9749
565.841 455.403 99.0625
1208.54 470.973 0
1374.49 457.793 0
889.317 327.951 0
773.305 337.171 0
655.372 330.256 178.756
766.39 593.012 95.0131
566.203 463.171 93.64
1208.67 471.146 0
1374.88 457.793 0
889.568 328.44 0
773.305 337.171 0
655.756 330.256 176.878
766.39 593.012 97.5946
565.795 462.793 92.0393
1208.16 470.47 0
1374.49 457.409 0
890.301 328.518 0
773.305 337.171 0
655.372 330.256 178.121
766.39 593.012 96.7662
566.225 463.194 92.841
1208.81 471.788 0
1374.88 457.793 0
889.701 327.951 0
773.305 337.171 0
655.372 329.872 180
766.39 593.012 95.9061
566.225 463.194 91.9029
1208.27 470.7 0
1374.11 457.409 0
889.317 328.72 0
773.305 337.171 0
655.372 330.256 179.955
766.706 593.426 95.9609
565.866 462.787 93.6372
1208.16 470.47 0
1375.37 457.886 0
888.933 328.72 0
773.305 337.171 0

1075.24 876.128 262.476
818.25 635.652 90.971
590.451 721.701 298.443
1225.45 729.384 0
1377.18 671.378 0
1086.77 241.518 0
1088.3 899.561 0
1084.08 817.354 351.027
867.374 778.57 74.1916
586.994 730.152 294.076
1225.83 731.305 0
1377.57 670.994 0
940.392 212.706 0
1060.65 882.659 0
887.396 895.719 375.992
857.453 760.461 69.8079
580.463 747.439 289.059
1221.6 693.659 0
1353.42 660.354 0
933.878 239.213 0
1028.38 891.878 0
827.854 815.433 75.4655
741.764 549.007 72.6588
608.122 628.738 269.847
1220.84 687.512 0
1363.86 672.843 0
916.399 280.893 0
998.415 838.866 0
869.726 600.695 85.9144
713.762 403.628 91.7357
589.299 603 181.081
1213.15 603.768 0
1382.95 547.299 0
904.484 275.267 0
966.915 748.976 0
799.811 390.183 97.0013
711.983 374.665 83.3886
582 601.079 158.199
1214.69 598.774 0
1426.74 548.067 0
862.811 271.098 0
932.341 647.561 0
893.543 325.646 187.438
736.811 372.896 367.352
660.366 458.177 76.4296
1211.62 516.183 0
1368.73 467.012 0
895.079 254.963 0
897 530.012 0

1276.54 821.195 58.3245
932.621 759.514 56.1646
595.445 703.646 332.969
1360.28 771.256 0
1363.74 670.61 0
972.293 284.159 0
1209.7 896.488 0
1312.26 889.189 354.094
1099.35 729.774 337.724
595.445 704.415 198.435
1371.58 756.631 0
1362.97 671.378 0
1022.62 236.909 0
1233.51 893.415 0
1323.79 893.031 318.094
1190.77 655.694 314.64
597.366 705.951 299.476
1374.88 756.991 0
1344.53 665.616 0
1028.76 228.841 0
1261.94 895.719 0
1347.99 871.902 73.5062
1199.71 646.409 217.875
596.982 705.183 298.856
1375.75 756.779 0
1352.98 676.372 0
1048.35 235.756 0
1294.21 897.256 0
1345.68 859.226 66.6748
1179.35 672.915 190.222
597.75 704.031 298.009
1355.47 754.483 0
1377.57 671.378 0
1079.09 216.933 0
1332.62 891.11 0
1329.51 845.103 381.814
953.496 681.39 181.672
590.451 720.933 299.249
1368.35 761.268 0
1377.57 670.61 0
1265.78 403.628 0
1361.82 851.159 0
1169.74 839.25 352.147
824.396 704.415 166.983
590.067 720.165 299.055
1219.68 826.189 0
1377.41 671.187 0
1355.29 433.207 0
1304.2 887.268 0
1084.46 888.805 317.269
808.869 707.443 83.8829
590.451 720.933 299.249
1216.99 804.677 0
1377.57 670.994 0
1328.01 357.915 0
1191.26 890.341 0

917.36 882.274 153.435
650.817 670.192 60.1022
596.213 739.372 193.174
1365.64 692.576 0
564.713 680.213 0
1243.12 672.146 0
863.195 894.951 0
962.689 864.988 187.538
757.605 784.451 401.746
595.061 730.537 62.5256
1355.67 688.665 0
601.598 683.132 0
1314.18 607.994 0
916.976 895.719 0
1001.1 876.128 184.236
780.988 753.201 96.5463
601.976 719.781 149.744
1363.35 670.724 0
627.329 667.921 0
1307.27 658.317 0
986.122 900.329 0
1149 885.348 190.886
921.201 676.372 208.301
601.976 722.469 108.435
1245.42 803.524 0
1364.13 670.569 0
614.652 643.719 0
1056.8 892.646 0
1176.27 892.262 309.579
940.058 693.509 195.314
595.206 702.525 390.216
1213.15 835.024 0
1363.35 669.841 0
559.335 584.177 0
1130.56 897.256 0
1236.59 893.799 357.879
962.689 674.067 159.102
595.599 702.372 388.046
1275 806.598 0
1363.74 669.841 0
522.841 523.866 0
1175.12 896.488 0
1259.25 847.701 107.779
950.396 712.482 123.959
595.599 702.372 388.046
1372.96 781.628 0
1363.81 670.723 0
741.287 418.003 0
1190.49 895.719 0

737.195 872.671 167.179
700.027 902.176 74.5406
647.689 878.433 196.39
589.299 711.329 0
1342.99 702.878 0
1180.5 663.695 0
718.756 899.561 0
738.732 872.671 165.785
702.049 901.937 75.8384
649.226 879.201 196.39
1375.65 677.14 0
1180.5 663.524 0
624.64 628.738 0
718.756 899.561 0
750.256 869.598 160.285
714.838 900.49 72.6961
649.61 899.177 106.504
1350.7 698.022 0
1183.61 667.045 0
628.482 634.116 0
718.756 899.561 0
770.616 859.994 146.31
745.065 896.86 54.5254
663.823 894.951 124.563
1358.74 689.433 0
1182.04 664.463 0
638.854 651.402 0
718.756 899.561 0
794.433 841.555 155.331
754.18 862.645 67.2971
621.744 850.065 245.168
1362.97 684.055 0
1184.34 667.537 0
648.245 633.004 0
677.268 900.329 0
814.024 833.872 170.538
762.807 838.677 56.277
590.451 750.512 274.086
1356.44 705.567 0
1184.34 659.469 0
647.305 632.195 0
711.841 899.561 0
876.256 873.055 243.925
727.789 815.191 374.563
590.835 740.909 274.086
1362.59 690.969 0
1188.47 641.799 0
632.707 632.579 0
756.402 899.561 0
870.637 890.358 378.724
646.502 720.269 76.5461
590.835 738.219 275.961
1206.62 729 0
1365.17 686.044 0
559.719 663.695 0
807.11 898.793 0

569.323 830.415 370.491
750.665 871.93 360.124
669.201 720.549 74.0546
586.487 766.444 0
1376.41 671.762 0
1181.18 661.582 0
880.866 807.366 0
570.476 827.726 376.504
704.59 867.811 60.4672
643.079 846.549 133.452
586.627 775.482 0
1376.8 671.762 0
1181.27 662.159 0
780.988 865.756 0
616.957 831.951 368.13
707.413 868.464 356.593
628.482 883.043 97.5238
626.945 775.482 0
1375.26 671.762 0
1180.88 662.159 0
704.927 897.256 0
682.297 827.121 389.486
704.927 893.415 315.128
633.86 884.579 105.068
635.012 816.201 0
1348.37 683.671 0
1181.27 661.39 0
673.427 900.329 0
741.805 858.457 76.2184
699.933 902.634 84.1737
649.61 879.969 178.919
623.104 820.427 0
1355.04 681.31 0
1181.14 662.348 0
718.756 899.561 0
729.512 874.207 170.538
690.969 903.537 78.5958
640.39 877.665 203.199
618.11 835.793 0
1368.73 679.445 0
1181.27 662.543 0
718.756 899.561 0
732.585 873.823 167.884
694.555 902.875 77.9474
642.766 878.07 201.437
605.049 816.969 0
1345.68 694.427 0
1180.5 662.927 0
718.756 899.561 0
735.274 873.055 169.592
698.012 902.625 75.9398
645.768 878.433 197.557
583.152 720.549 0
1370.65 679.445 0
1180.5 662.927 0
718.756 899.561 0

671.506 692.506 146.004
658.445 640.262 319.193
607.738 546.146 130.419
584.689 859.61 0
1152.07 551.14 0
1343.76 516.951 0
675.732 558.439 0
709.152 667.921 77.9052
872.031 572.652 360
593.524 586.098 102.087
576.238 834.64 0
1331.85 622.976 0
1156.89 558.227 0
786.366 586.098 0
703.774 811.976 125.602
1051.45 579.848 375.773
593.249 597.247 99.1762
615.421 815.817 0
1351.45 685.207 0
1201.63 649.098 0
912.366 616.061 0
600.439 866.524 151.858
1104.05 599.927 402.337
591.988 619.902 95.0661
601.591 812.744 0
1370.65 670.994 0
1188.82 657.352 0
1055.27 646.024 0
602.36 883.811 63.8861
1124.41 629.122 61.3138
592.815 621.156 74.1304
595.445 795.457 0
1376.63 671.944 0
1184.34 652.555 0
1127.49 673.683 0
582.384 858.841 197.7
1101.11 642.421 386.799
592.832 620.471 382.146
584.913 798.858 0
1375.65 671.762 0
1181.77 659.324 0
1051.43 709.024 0
585.155 853.425 67.5919
903.146 782.012 314.032
555.494 608.762 382.932
579.695 783.165 0
1376.41 671.762 0
1181.65 662.543 0
971.524 755.89 0

1213.15 375.201 316.397
1370.92 228.915 311.985
553.189 467.78 177.955
631.555 887.652 0
1377.62 454.272 0
1377.18 360.988 0
1373.34 283.39 0
1066.02 422.067 364.686
1206.89 233.994 356.014
546.503 480.063 95.9158
619.262 833.872 0
1372.19 467.396 0
1386.4 345.622 0
1345.68 244.976 0
824.781 380.195 360.971
993.022 286.427 344.335
553.079 517.997 45.1586
579.695 866.909 0
1365.27 464.323 0
1244.65 274.171 0
1265.01 228.841 0
677.652 520.024 293.459
905.317 337.226 312.128
563.172 505.742 46.095
569.707 850.774 0
1334.93 455.104 0
1205.47 312.201 0
1165.13 238.829 0
658.061 622.207 268.493
934.646 399.402 251.565
544.358 469.149 71.0792
595.829 823.116 0
1172.43 463.939 0
1363.35 415.152 0
1043.74 330.256 0
674.195 634.884 209.876
915.439 530.781 313.727
615.421 519.64 370.125
585.457 818.506 0
1165.9 503.122 0
1303.81 485.067 0
906.22 425.524 0
725.671 634.884 163.61
710.305 556.518 360.909
635.012 518.488 359.029
603.896 817.354 0
1324.94 592.628 0
1177.81 549.604 0
750.256 526.939 0
651.915 695.963 123.535
620.799 654.86 305.538
626.561 521.945 371.725
607.354 832.335 0
1172.82 586.098 0
1338.38 538.079 0
639.622 600.695 0

1202.01 480.457 287.745
1338.77 309.896 230.711
580.68 455.511 283.024
597.75 898.409 0
1381.79 458.561 0
1378.72 339.476 0
1391.01 326.415 0
1202.01 480.457 288.435
1338.77 309.896 233.119
580.848 455.872 282.09
621.183 879.201 0
1382.18 458.945 0
1378.34 339.86 0
1391.01 326.415 0
1202.01 480.457 287.745
1336.35 307.261 223.457
580.251 455.465 278.632
622.335 894.951 0
1382.18 458.945 0
1377.95 339.476 0
1391.01 326.415 0
1201.63 477 274.027
1306.05 264.619 188.67
580.68 455.511 280.787
622.285 893.248 0
1381.41 458.561 0
1376.03 333.329 0
1389.48 326.415 0
1188.18 457.024 230.265
1319.19 288.19 187.035
580.143 455.866 258.471
638.854 883.043 0
1381.92 457.963 0
1376.03 332.945 0
1389.48 326.415 0
1214.3 505.043 267.955
1378.34 236.909 280.671
605.433 470.085 210.256
636.165 895.719 0
1382.18 458.561 0
1374.49 333.329 0
1389.48 326.415 0
1196.63 517.335 260.707
1362.8 227.803 309.441
609.659 472.006 204.274
638.085 892.646 0
1380.76 456.371 0
1341.39 354.697 0
1377.95 331.024 0

1202.01 480.457 289.799
1339.54 310.665 231.009
580.68 455.511 282.689
576.622 775.098 0
1382.18 458.945 0
1378.72 338.707 0
1391.01 326.415 0
1202.01 480.457 289.019
1339.54 310.665 230.856
580.251 455.465 281.819
582.974 791.33 0
1381.79 458.561 0
1379.1 338.707 0
1391.01 326.415 0
1202.01 480.457 289.019
1339.54 310.665 230.711
580.848 455.872 280.122
577.39 796.994 0
1381.41 458.561 0
1379.1 338.707 0
1391.01 326.415 0
1202.01 480.457 287.745
1339.18 310.562 231.256
580.3 455.463 280.89
585.791 818.909 0
1381.79 458.561 0
1378.72 339.091 0
1391.01 326.415 0
1202.01 480.457 287.745
1338.77 310.28 231.789
580.68 455.511 280.364
585.841 841.939 0
1381.41 458.177 0
1379.1 338.707 0
1391.01 326.415 0
1202.01 480.457 289.019
1338.77 309.896 233.326
580.738 455.529 282.301
583.152 837.713 0
1381.51 458.421 0
1377.95 339.091 0
1391.01 326.415 0
1202.01 480.457 289.019
1338.77 309.896 231.953
580.68 455.511 280.364
570.86 856.537 0
1382.18 458.561 0
1377.57 339.091 0
1391.01 326.415 0
1202.01 480.457 289.799
1338.77 309.896 231.953
580.251 455.465 279.676
588.915 891.494 0
1381.41 458.945 0
1377.95 339.091 0
1391.01 326.415 0

1097.52 507.348 185.194
1216.27 352.017 383.382
580.201 455.036 279.627
597.232 740.499 0
1371.42 469.701 0
1204.32 423.988 0
1241.96 354.841 0
1176.66 578.031 267.797
1089.84 339.091 363.814
580.24 455.015 280.844
572.781 722.085 0
1374.49 477.768 0
1307.65 337.171 0
1185.88 346.39 0
1175.89 587.634 273.071
1081.77 339.091 360.971
580.406 455.039 281.565
573.165 721.701 0
1374.49 477.768 0
1307.2 336.444 0
1185.88 346.39 0
1175.89 587.634 274.937
1082.16 339.091 360
580.201 455.036 279.627
573.165 721.701 0
1374.91 476.616 0
1307.65 336.787 0
1185.88 346.39 0
1175.89 587.25 274.086
1081.77 339.476 362.124
580.24 455.015 279.775
572.781 722.469 0
1374.78 476.616 0
1307.27 336.787 0
1185.88 346.39 0
1175.89 587.25 274.038
1081.77 339.476 363.013
580.24 455.015 279.775
573.549 720.933 0
1374.79 476.827 0
1307.24 336.804 0
1185.88 346.39 0
1175.51 587.25 275.006
1081.77 339.091 360.971
580.406 455.039 280.187
572.781 722.469 0
1374.88 477 0
1307.65 336.018 0
1185.88 346.39 0
1175.89 587.25 274.086
1082.16 339.091 362.911
580.406 455.039 281.269
573.165 721.701 0
1374.49 477.384 0
1306.88 336.787 0
1185.88 347.159 0

1142.85 353.689 322.496
1291.85 368.302 333.32
590.931 350.978 274.533
719.524 835.409 0
1372.82 421.76 0
1367.58 352.152 0
1172.82 222.695 0
1138.63 352.921 242.447
1370.27 257.268 288.584
590.931 350.978 272.92
649.226 887.652 0
1345.64 431.016 0
1391.35 349.48 0
1230.44 221.159 0
1109.82 376.354 273.945
1368.35 239.982 73.4956
591.373 349.848 278.279
673.28 881.223 0
1374.49 424.756 0
1391.03 349.455 0
1291.13 219.622 0
1150.54 534.238 229.764
1382.18 270.713 281.894
591.604 348.311 133.603
626.177 866.14 0
1375.26 477.384 0
1341.46 327.567 0
1360.28 238.829 0
1162.83 554.598 199.722
1356.82 419.378 278.973
588.784 447.503 71.9875
617.726 830.415 0
1395.24 493.902 0
1182.8 373.665 0
1376.41 290.305 0
1037.98 505.043 185.194
1350.36 439.966 206.76
597.76 465.975 48.4822
614.268 904.171 0
1384.87 482.378 0
1187.03 421.299 0
1371.04 391.72 0
1006.48 522.713 121.675
1356.05 429.75 78.3106
582.768 454.72 325.176
615.421 776.634 0
1374.68 483.009 0
1184.07 416.437 0
1383.33 416.305 0

1071.4 221.159 119.715
1013.78 345.238 259.439
591.28 351.014 272.845
601.976 780.476 0
1368.35 410.927 0
1233.9 312.201 0
1233.51 215.012 0
1072.55 214.628 93.1221
1023.77 374.049 256.294
591.28 351.014 272.474
583.739 796.811 0
1377.18 438.201 0
1230.89 296.15 0
1203.55 213.476 0
1067.18 221.543 125.789
962.269 367.119 207.797
590.843 351.023 271.419
569.323 806.982 0
1366.43 408.622 0
1222.76 304.902 0
1168.21 212.707 0
1066.79 219.238 109.799
793.283 369.446 163.792
590.843 351.023 271.702
631.411 800.283 0
1376.45 439.568 0
1223.27 335.978 0
1130.56 213.476 0
1056.42 241.134 49.514
845.524 377.89 187.595
590.843 351.023 273.504
656.14 829.262 0
1369.88 440.122 0
1224.29 380.195 0
1086.77 211.939 0
1003.41 237.677 351.87
1033.76 370.976 175.156
590.843 351.023 271.755
697.168 844.451 0
1351.45 437.049 0
1205.08 303.254 0
1022.23 207.329 0
930.421 233.451 388.856
1096.76 358.299 121.893
590.931 350.978 273.454
712.61 836.561 0
1383.33 422.451 0
1215.07 361.372 0
1068.33 210.402 0
1086.38 339.86 396.027
1120.19 370.591 395.538
590.931 350.978 274.518
723.268 828.09 0
1361.43 418.226 0
1309.19 380.195 0
1119.04 217.317 0

1081.01 222.311 119.624
1075.63 355.61 382.694
591.28 351.014 275.318
949.628 812.36 0
1362.44 409.673 0
1382.56 343.211 0
1274.23 218.854 0
1081.39 219.622 109.799
1075.63 355.61 382.694
590.843 351.023 271.419
936.567 706.719 0
1380.59 432.529 0
1379.1 289.152 0
1274.23 218.085 0
1079.09 219.622 107.784
1075.63 355.61 383.353
591.28 351.014 272.845
923.89 697.884 0
1364.51 403.244 0
1376.89 345.333 0
1273.46 217.317 0
1076.78 221.159 117.031
1076.41 354.504 361.195
590.843 351.023 274.368
866.652 646.024 0
1368.73 427.445 0
1386.02 300.677 0
1276.54 214.244 0
1075.63 218.854 103.782
1058.8 367.523 320.434
590.451 351.031 271.665
766.774 632.963 0
1369.5 430.902 0
1306.12 334.098 0
1281.15 216.549 0
1072.94 221.159 121.689
1033.85 393.512 252.149
591.28 351.014 271.904
736.811 607.994 0
1224.68 460.098 0
1363.82 410.059 0
1276.54 215.012 0
1074.09 216.165 98.1301
1014.55 348.695 258.311
590.843 351.023 272.609
609.136 744.674 0
1381.79 437.049 0
1339.54 413.232 0
1257.33 213.476 0

1096.37 218.854 104.534
1075.24 355.61 393.959
591.344 350.987 273.912
986.89 844.628 0
1376.8 432.823 0
1275 278.012 0
1273.46 218.085 0
1096.37 216.549 95.1944
1076.01 355.994 390.79
591.28 351.014 274.164
982.665 861.531 0
1361.82 407.47 0
1285.69 285.875 0
1273.46 218.085 0
1092.53 221.543 117.474
1075.63 355.994 391.251
591.235 351.015 274.544
944.216 889.978 0
1372.19 430.902 0
1344.53 320.652 0
1274.23 218.085 0
1092.53 221.927 111.615
1076.01 355.994 390.79
591.235 351.015 272.646
925.043 898.409 0
1369.88 396.329 0
1380.42 339.001 0
1273.46 218.085 0
1093.68 216.165 95.1944
1076.01 355.994 387.897
590.931 350.978 273.633
795.63 886.029 0
1374.11 430.902 0
1381.3 338.907 0
1273.46 218.085 0
1091.38 218.085 100.491
1076.4 355.61 386.565
590.931 350.978 272.657
783.677 889.189 0
1351.06 427.829 0
1371.45 316.889 0
1274.23 218.085 0
1086.38 222.311 124.824
1076.01 355.226 382.694
590.931 350.978 272.509
782.124 864.506 0
1362.59 420.53 0
1378.72 348.311 0
1274.23 218.085 0
1087.15 218.085 102.171
1076.4 355.61 384.444
590.931 350.978 272.92
900.073 817.738 0
1368.73 427.445 0
1384.87 278.396 0
1273.46 218.085 0

1316.1 382.5 375.068
1196.25 654.091 277.853
608.829 530.786 269.841
1063.72 736.683 0
1327.24 506.195 0
1256.56 440.506 0
1261.94 614.524 0
1355.67 400.171 248.806
1103.29 548.067 202.694
598.755 463.632 269.427
1040.67 764.726 0
1290.75 479.689 0
1372.05 465.98 0
1328.78 473.927 0
1236.59 364.829 379.654
1036.42 540.316 188.22
598.755 463.632 268.47
1037.21 813.128 0
1331.09 578.799 0
1369.12 442.043 0
1256.56 394.793 0
1096.37 273.018 78.6901
918.896 400.939 288.435
592.818 388.646 273.811
1025.66 785.745 0
1376.03 428.598 0
1330.7 348.695 0
1159.76 314.122 0
1100.21 218.085 105.027
1045.28 342.165 375.84
590.843 351.023 273.395
994.573 770.104 0
1361.43 403.244 0
1279.23 225 0
1131.33 238.829 0
1100.21 218.085 101.725
1075.24 355.61 392.619
591.344 350.987 273.498
911.213 754.738 0
1371.04 427.829 0
1290.37 253.427 0
1248.88 215.78 0
1098.68 218.47 102.529
1075.24 355.61 393.179
590.843 351.023 274.213
969.22 844.628 0
1368.73 426.677 0
1287.8 265.229 0
1273.46 218.085 0
1095.22 223.848 122.648
1075.24 355.61 393.959
591.235 351.015 275.216
1013.11 883.865 0
1362.38 407.846 0
1274.62 270.329 0
1273.46 218.085 0

1052.58 477.768 137.827
1357.29 394.172 369.425
572.012 384.805 205.253
912.134 763.394 0
1365.68 461.686 0
1196.63 248.433 0
1349.52 224.232 0
1034.91 486.988 101.725
1367.15 385.487 186.872
563.945 376.738 267.184
1002.26 786.238 0
1425.2 527.323 0
1190.1 445.884 0
1386.4 316.427 0
1046.43 437.817 112.62
1232.36 498.128 145.549
608.417 546.974 269.643
1039.9 795.073 0
1178.35 675 0
1358.79 628.528 0
1330.32 450.11 0
958.463 576.494 122.252
1218.78 671.944 76.5083
602.744 630.659 290.433
1053.35 793.537 0
1170.13 713.25 0
1377.57 695.579 0
1263.48 609.146 0
941.177 631.043 61.5571
1180.88 768.183 168.246
602.36 629.89 292.38
1052.58 789.695 0
1177.04 726.695 0
1322.25 567.274 0
1216.61 709.793 0
1061.8 587.25 330.85
1159.01 746.473 188.028
595.829 649.866 293.749
1076.34 769.134 0
1177.81 624.128 0
1341.07 508.5 0
1215.84 709.793 0
1173.97 417.457 312.274
1212.47 752.047 194.783
587.762 673.683 289.722
1057.1 732.586 0
1325.32 520.024 0
1269.76 515.351 0
1216.61 709.024 0

980.36 392.872 325.235
1331.46 294.496 404.313
573.933 385.189 359.029
946.555 847.317 0
1352.98 460.482 0
1390.53 410.634 0
1363.35 297.988 0
930.805 471.238 272.291
1139.02 226.467 370.448
573.933 385.573 357.152
941.945 838.866 0
1353.62 460.6 0
1390.46 410.795 0
1213.54 244.976 0
869.341 397.098 244.058
1026.23 242.873 327.216
573.933 385.189 356.987
931.957 838.482 0
1353.37 460.482 0
1391.4 411.311 0
1130.56 232.683 0
822.86 326.03 207.474
1004.18 212.707 177.184
573.933 385.189 355.914
927.732 849.238 0
1354.02 460.407 0
1390.83 411.633 0
1040.67 213.476 0
893.927 398.25 247.62
925.88 239.209 134.782
573.933 385.573 357.955
938.104 856.152 0
1353.68 460.928 0
1390.54 411.362 0
1048.35 208.866 0
896.232 410.159 234.862
984.201 326.799 48.8371
573.933 385.573 357.955
945.717 848.12 0
1353.67 460.505 0
1390.87 411.003 0
1115.2 218.854 0
1013.78 451.646 181.042
1202.97 288.519 348.523
573.933 385.573 356.987
932.216 782.239 0
1349.23 472.291 0
1387.55 413.232 0
1187.41 225.768 0
1140.93 407.47 147.2
1336.85 347.927 65.5561
573.933 385.957 358.958
917.744 758.579 0
1317.33 462.031 0
1259.17 385.106 0
1265.78 224.232 0

1129.79 435.896 178.919
1325.32 268.409 153.435
570.86 382.5 143.746
946.248 847.855 0
1361 449.789 0
1392.16 381.732 0
1168.98 228.841 0
1173.2 436.28 139.048
1371.04 232.299 93.0128
573.549 386.726 232.125
941.177 838.098 0
1359.51 450.11 0
1391.78 381.348 0
1301.89 219.622 0
1149.77 452.799 145.713
1379.87 311.049 126.081
623.872 414.768 204.775
931.189 839.634 0
1352.85 459.071 0
1346.84 402.091 0
1371.04 239.598 0
1129.41 472.39 113.749
1382.18 349.463 360
626.561 416.689 135
928.776 842.155 0
1351.06 462.787 0
1390.47 412.848 0
1381.02 280.317 0
1141.7 498.512 93.9452
1387.56 355.21 368.034
626.945 415.921 130.601
928.816 846.735 0
1351.06 462.787 0
1391.01 414 0
1379.49 316.427 0
1179.35 611.067 90
1375.65 360.988 93.9452
630.787 409.774 126.469
930.909 852.932 0
1351.34 462.901 0
1391.4 414 0
1378.72 317.963 0
1152.46 429.366 61.6992
1372.77 357.636 221.127
627.329 394.024 394.011
939.64 855 0
1351.06 463.171 0
1390.63 414 0
1381.02 322.573 0

